This filter had 3 additional steps with w= 7
Filter order: 6.
Number of inputs: 1 
Number of outputs: 3 
Input radius ur: 
3.777582	
Matrix A: 
0.107408	-0.029038	-0.496407	0.132941	0.067022	-0.176537	
-0.037206	-0.403686	0.216794	-0.342898	0.064942	0.218790	
-0.500375	0.206156	0.057353	0.133960	-0.266649	-0.291383	
0.178348	-0.348192	0.072240	0.271009	-0.307627	0.077002	
0.024189	0.072585	-0.207142	-0.322350	0.109456	-0.246033	
-0.128224	0.219544	-0.353949	0.041491	-0.196870	0.442857	
Matrix B: 
0.606784	
-0.413987	
0.957769	
-0.626679	
-0.000000	
0.041399	
Matrix C: 
0.344164	-0.792041	-2.216354	1.091973	-0.000000	-0.565191	
-1.451097	0.000000	-1.007842	0.038804	-0.063619	0.455921	
0.009069	0.764172	0.000000	-0.000000	1.535491	-1.270466	
Matrix D: 
0.881781	
-0.000000	
-0.081761	
7 	7 	7 	7 	7 	7 	7 	7 	7 	
1.925558e+00 	3.231682e+00 	2.847861e+00 	1.729646e+00 	1.161556e+00 	1.990262e+00 	7.944236e+00 	5.944176e+00 	5.086412e+00 	
This filter had 2 additional steps with w= 6
Filter order: 6.
Number of inputs: 1 
Number of outputs: 3 
Input radius ur: 
3.777582	
Matrix A: 
0.107408	-0.029038	-0.496407	0.132941	0.067022	-0.176537	
-0.037206	-0.403686	0.216794	-0.342898	0.064942	0.218790	
-0.500375	0.206156	0.057353	0.133960	-0.266649	-0.291383	
0.178348	-0.348192	0.072240	0.271009	-0.307627	0.077002	
0.024189	0.072585	-0.207142	-0.322350	0.109456	-0.246033	
-0.128224	0.219544	-0.353949	0.041491	-0.196870	0.442857	
Matrix B: 
0.606784	
-0.413987	
0.957769	
-0.626679	
-0.000000	
0.041399	
Matrix C: 
0.344164	-0.792041	-2.216354	1.091973	-0.000000	-0.565191	
-1.451097	0.000000	-1.007842	0.038804	-0.063619	0.455921	
0.009069	0.764172	0.000000	-0.000000	1.535491	-1.270466	
Matrix D: 
0.881781	
-0.000000	
-0.081761	
6 	6 	6 	6 	6 	6 	6 	6 	6 	
3.851115e+00 	6.463364e+00 	5.695722e+00 	3.459292e+00 	2.323112e+00 	3.980524e+00 	1.588847e+01 	1.188835e+01 	1.017282e+01 	
This filter had 5 additional steps with w= 5
Filter order: 6.
Number of inputs: 1 
Number of outputs: 3 
Input radius ur: 
3.777582	
Matrix A: 
0.107408	-0.029038	-0.496407	0.132941	0.067022	-0.176537	
-0.037206	-0.403686	0.216794	-0.342898	0.064942	0.218790	
-0.500375	0.206156	0.057353	0.133960	-0.266649	-0.291383	
0.178348	-0.348192	0.072240	0.271009	-0.307627	0.077002	
0.024189	0.072585	-0.207142	-0.322350	0.109456	-0.246033	
-0.128224	0.219544	-0.353949	0.041491	-0.196870	0.442857	
Matrix B: 
0.606784	
-0.413987	
0.957769	
-0.626679	
-0.000000	
0.041399	
Matrix C: 
0.344164	-0.792041	-2.216354	1.091973	-0.000000	-0.565191	
-1.451097	0.000000	-1.007842	0.038804	-0.063619	0.455921	
0.009069	0.764172	0.000000	-0.000000	1.535491	-1.270466	
Matrix D: 
0.881781	
-0.000000	
-0.081761	
5 	5 	5 	5 	5 	5 	5 	5 	5 	
1.540446e+01 	2.585345e+01 	2.278289e+01 	1.383717e+01 	9.292447e+00 	1.592210e+01 	6.355389e+01 	4.755341e+01 	4.069130e+01 	
