5 1 1200
1200 1
0
1.3750000000000000000
-2.1875000000000000000
1.5000000000000000000
-1.8437500000000000000
1.5000000000000000000
-1.6875000000000000000
1.4687500000000000000
-1.5312500000000000000
1.2812500000000000000
-1.2812500000000000000
1.0937500000000000000
-1.1250000000000000000
9.3750000000000000000e-1
-9.3750000000000000000e-1
7.5000000000000000000e-1
-7.5000000000000000000e-1
5.0000000000000000000e-1
-5.3125000000000000000e-1
2.8125000000000000000e-1
-2.5000000000000000000e-1
9.3750000000000000000e-2
-6.2500000000000000000e-2
-1.5625000000000000000e-1
1.8750000000000000000e-1
-3.7500000000000000000e-1
3.7500000000000000000e-1
-5.9375000000000000000e-1
5.9375000000000000000e-1
-8.1250000000000000000e-1
8.1250000000000000000e-1
-1.0312500000000000000
1.0937500000000000000
-1.3437500000000000000
1.3125000000000000000
-1.5625000000000000000
1.5625000000000000000
-1.7812500000000000000
1.7812500000000000000
-2.0000000000000000000
2.0000000000000000000
-2.2187500000000000000
2.2187500000000000000
-2.4687500000000000000
2.4375000000000000000
-2.6875000000000000000
2.6562500000000000000
-2.9062500000000000000
2.8750000000000000000
-3.1250000000000000000
3.0937500000000000000
-3.3437500000000000000
3.3437500000000000000
-3.5625000000000000000
3.5625000000000000000
-3.8125000000000000000
3.7812500000000000000
-4.0312500000000000000
4.0312500000000000000
-4.2500000000000000000
4.2500000000000000000
-4.4687500000000000000
4.5000000000000000000
-4.7187500000000000000
4.6875000000000000000
-4.9375000000000000000
4.9062500000000000000
-5.1875000000000000000
5.1562500000000000000
-5.3750000000000000000
5.3750000000000000000
-5.6250000000000000000
5.6250000000000000000
-5.8437500000000000000
5.8437500000000000000
-6.0937500000000000000
6.0625000000000000000
-6.3125000000000000000
6.2812500000000000000
-6.5312500000000000000
6.5000000000000000000
-6.7187500000000000000
6.7500000000000000000
-6.9375000000000000000
6.9687500000000000000
-7.1875000000000000000
7.1875000000000000000
-7.4375000000000000000
7.4062500000000000000
-7.6562500000000000000
7.6250000000000000000
-7.9062500000000000000
7.8750000000000000000
-8.1250000000000000000
8.0937500000000000000
-8.2812500000000000000
8.3125000000000000000
-8.5000000000000000000
8.4687500000000000000
-8.7187500000000000000
8.6875000000000000000
-8.9687500000000000000
8.9375000000000000000
-9.1875000000000000000
9.1562500000000000000
-9.4375000000000000000
9.4062500000000000000
-9.6562500000000000000
9.6250000000000000000
-9.8750000000000000000
9.8750000000000000000
-1.0093750000000000000e1
1.0093750000000000000e1
-1.0250000000000000000e1
1.0343750000000000000e1
-1.0500000000000000000e1
1.0562500000000000000e1
-1.0718750000000000000e1
1.0718750000000000000e1
-1.0968750000000000000e1
1.0937500000000000000e1
-1.1187500000000000000e1
1.1187500000000000000e1
-1.1406250000000000000e1
1.1437500000000000000e1
-1.1625000000000000000e1
1.1625000000000000000e1
-1.1812500000000000000e1
1.1843750000000000000e1
-1.2062500000000000000e1
1.2093750000000000000e1
-1.2281250000000000000e1
1.2312500000000000000e1
-1.2500000000000000000e1
1.2500000000000000000e1
-1.2750000000000000000e1
1.2718750000000000000e1
-1.2968750000000000000e1
1.2937500000000000000e1
-1.3218750000000000000e1
1.3187500000000000000e1
-1.3406250000000000000e1
1.3406250000000000000e1
-1.3656250000000000000e1
1.3656250000000000000e1
-1.3875000000000000000e1
1.3875000000000000000e1
-1.4125000000000000000e1
1.4093750000000000000e1
-1.4343750000000000000e1
1.4312500000000000000e1
-1.4531250000000000000e1
1.4531250000000000000e1
-1.4750000000000000000e1
1.4781250000000000000e1
-1.5000000000000000000e1
1.5000000000000000000e1
-1.5250000000000000000e1
1.5218750000000000000e1
-1.5468750000000000000e1
1.5406250000000000000e1
-1.5625000000000000000e1
1.5687500000000000000e1
-1.5843750000000000000e1
1.5906250000000000000e1
-1.6093750000000000000e1
1.6093750000000000000e1
-1.6312500000000000000e1
1.6312500000000000000e1
-1.6562500000000000000e1
1.6500000000000000000e1
-1.6718750000000000000e1
1.6750000000000000000e1
-1.6968750000000000000e1
1.6968750000000000000e1
-1.7187500000000000000e1
1.7187500000000000000e1
-1.7437500000000000000e1
1.7437500000000000000e1
-1.7656250000000000000e1
1.7593750000000000000e1
-1.7812500000000000000e1
1.7843750000000000000e1
-1.8062500000000000000e1
1.8062500000000000000e1
-1.8281250000000000000e1
1.8281250000000000000e1
-1.8468750000000000000e1
1.8500000000000000000e1
-1.8687500000000000000e1
1.8750000000000000000e1
-1.8937500000000000000e1
1.8968750000000000000e1
-1.9156250000000000000e1
1.9156250000000000000e1
-1.9406250000000000000e1
1.9375000000000000000e1
-1.9625000000000000000e1
1.9625000000000000000e1
-1.9781250000000000000e1
1.9843750000000000000e1
-2.0000000000000000000e1
2.0031250000000000000e1
-2.0250000000000000000e1
2.0250000000000000000e1
-2.0468750000000000000e1
2.0468750000000000000e1
-2.0718750000000000000e1
2.0718750000000000000e1
-2.0937500000000000000e1
2.0875000000000000000e1
-2.1125000000000000000e1
2.1125000000000000000e1
-2.1375000000000000000e1
2.1343750000000000000e1
-2.1625000000000000000e1
2.1531250000000000000e1
-2.1781250000000000000e1
2.1781250000000000000e1
-2.2000000000000000000e1
2.2000000000000000000e1
-2.2218750000000000000e1
2.2156250000000000000e1
-2.2500000000000000000e1
2.2406250000000000000e1
-2.2656250000000000000e1
2.2656250000000000000e1
-2.2875000000000000000e1
2.2906250000000000000e1
-2.3062500000000000000e1
2.3125000000000000000e1
-2.3312500000000000000e1
2.3281250000000000000e1
-2.3437500000000000000e1
2.3531250000000000000e1
-2.3718750000000000000e1
2.3687500000000000000e1
-2.3875000000000000000e1
2.3937500000000000000e1
-2.4125000000000000000e1
2.4125000000000000000e1
-2.4343750000000000000e1
2.4343750000000000000e1
-2.4593750000000000000e1
2.4531250000000000000e1
-2.4843750000000000000e1
2.4781250000000000000e1
-2.5000000000000000000e1
2.5000000000000000000e1
-2.5250000000000000000e1
2.5156250000000000000e1
-2.5437500000000000000e1
2.5406250000000000000e1
-2.5656250000000000000e1
2.5687500000000000000e1
-2.5812500000000000000e1
2.5906250000000000000e1
-2.6062500000000000000e1
2.6062500000000000000e1
-2.6218750000000000000e1
2.6312500000000000000e1
-2.6468750000000000000e1
2.6468750000000000000e1
-2.6656250000000000000e1
2.6718750000000000000e1
-2.6906250000000000000e1
2.6968750000000000000e1
-2.7125000000000000000e1
2.7125000000000000000e1
-2.7375000000000000000e1
2.7343750000000000000e1
-2.7593750000000000000e1
2.7593750000000000000e1
-2.7750000000000000000e1
2.7843750000000000000e1
-2.8000000000000000000e1
2.7968750000000000000e1
-2.8250000000000000000e1
2.8218750000000000000e1
-2.8468750000000000000e1
2.8437500000000000000e1
-2.8625000000000000000e1
2.8687500000000000000e1
-2.8875000000000000000e1
2.8875000000000000000e1
-2.9062500000000000000e1
2.9093750000000000000e1
-2.9281250000000000000e1
2.9281250000000000000e1
-2.9531250000000000000e1
2.9531250000000000000e1
-2.9718750000000000000e1
2.9750000000000000000e1
-2.9968750000000000000e1
2.9937500000000000000e1
-3.0093750000000000000e1
3.0187500000000000000e1
-3.0375000000000000000e1
3.0343750000000000000e1
-3.0500000000000000000e1
3.0593750000000000000e1
-3.0781250000000000000e1
3.0750000000000000000e1
-3.1031250000000000000e1
3.1000000000000000000e1
-3.1187500000000000000e1
3.1187500000000000000e1
-3.1406250000000000000e1
3.1437500000000000000e1
-3.1625000000000000000e1
3.1593750000000000000e1
-3.1875000000000000000e1
3.1843750000000000000e1
-3.2031250000000000000e1
3.2093750000000000000e1
-3.2281250000000000000e1
3.2250000000000000000e1
-3.2406250000000000000e1
3.2500000000000000000e1
-3.2687500000000000000e1
3.2656250000000000000e1
-3.2906250000000000000e1
3.2906250000000000000e1
-3.3156250000000000000e1
3.3156250000000000000e1
-3.3406250000000000000e1
3.3312500000000000000e1
-3.3531250000000000000e1
3.3531250000000000000e1
-3.3781250000000000000e1
3.3781250000000000000e1
-3.3937500000000000000e1
3.3968750000000000000e1
-3.4187500000000000000e1
3.4125000000000000000e1
-3.4468750000000000000e1
3.4375000000000000000e1
-3.4625000000000000000e1
3.4625000000000000000e1
-3.4843750000000000000e1
3.4875000000000000000e1
-3.5031250000000000000e1
3.5093750000000000000e1
-3.5281250000000000000e1
3.5250000000000000000e1
-3.5437500000000000000e1
3.5531250000000000000e1
-3.5687500000000000000e1
3.5687500000000000000e1
-3.5843750000000000000e1
3.5937500000000000000e1
-3.6093750000000000000e1
3.6093750000000000000e1
-3.6375000000000000000e1
3.6281250000000000000e1
-3.6531250000000000000e1
3.6531250000000000000e1
-3.6750000000000000000e1
3.6781250000000000000e1
-3.6937500000000000000e1
3.6968750000000000000e1
-3.7187500000000000000e1
3.7156250000000000000e1
-3.7343750000000000000e1
3.7406250000000000000e1
-3.7593750000000000000e1
3.7562500000000000000e1
-3.7750000000000000000e1
3.7781250000000000000e1
-3.7937500000000000000e1
3.8000000000000000000e1
-3.8218750000000000000e1
3.8187500000000000000e1
-3.8375000000000000000e1
3.8468750000000000000e1
-3.8625000000000000000e1
3.8593750000000000000e1
-3.8875000000000000000e1
3.8781250000000000000e1
-3.9031250000000000000e1
3.9031250000000000000e1
-3.9218750000000000000e1
3.9281250000000000000e1
-3.9468750000000000000e1
3.9468750000000000000e1
-3.9656250000000000000e1
3.9687500000000000000e1
-3.9875000000000000000e1
3.9875000000000000000e1
-4.0062500000000000000e1
4.0125000000000000000e1
-4.0312500000000000000e1
4.0312500000000000000e1
-4.0468750000000000000e1
4.0468750000000000000e1
-4.0750000000000000000e1
4.0687500000000000000e1
-4.0906250000000000000e1
4.0937500000000000000e1
-4.1156250000000000000e1
4.1093750000000000000e1
-4.1343750000000000000e1
4.1343750000000000000e1
-4.1562500000000000000e1
4.1500000000000000000e1
-4.1750000000000000000e1
4.1750000000000000000e1
-4.2000000000000000000e1
4.1937500000000000000e1
-4.2156250000000000000e1
4.2156250000000000000e1
-4.2375000000000000000e1
4.2406250000000000000e1
-4.2562500000000000000e1
4.2593750000000000000e1
-4.2781250000000000000e1
4.2812500000000000000e1
-4.3000000000000000000e1
4.3000000000000000000e1
-4.3187500000000000000e1
4.3187500000000000000e1
-4.3375000000000000000e1
4.3437500000000000000e1
-4.3625000000000000000e1
4.3625000000000000000e1
-4.3812500000000000000e1
4.3812500000000000000e1
-4.4000000000000000000e1
4.4062500000000000000e1
-4.4250000000000000000e1
4.4218750000000000000e1
-4.4406250000000000000e1
4.4406250000000000000e1
-4.4625000000000000000e1
4.4656250000000000000e1
-4.4843750000000000000e1
4.4843750000000000000e1
-4.5031250000000000000e1
4.5031250000000000000e1
-4.5187500000000000000e1
4.5281250000000000000e1
-4.5468750000000000000e1
4.5437500000000000000e1
-4.5625000000000000000e1
4.5656250000000000000e1
-4.5843750000000000000e1
4.5906250000000000000e1
-4.6093750000000000000e1
4.6062500000000000000e1
-4.6250000000000000000e1
4.6343750000000000000e1
-4.6500000000000000000e1
4.6468750000000000000e1
-4.6656250000000000000e1
4.6750000000000000000e1
-4.6875000000000000000e1
4.6937500000000000000e1
-4.7125000000000000000e1
4.7125000000000000000e1
-4.7281250000000000000e1
4.7281250000000000000e1
-4.7468750000000000000e1
4.7531250000000000000e1
-4.7718750000000000000e1
4.7718750000000000000e1
-4.7906250000000000000e1
4.7937500000000000000e1
-4.8093750000000000000e1
4.8125000000000000000e1
-4.8281250000000000000e1
4.8375000000000000000e1
-4.8531250000000000000e1
4.8531250000000000000e1
-4.8687500000000000000e1
4.8718750000000000000e1
-4.8937500000000000000e1
4.8968750000000000000e1
-4.9125000000000000000e1
4.9125000000000000000e1
-4.9312500000000000000e1
4.9375000000000000000e1
-4.9562500000000000000e1
4.9562500000000000000e1
-4.9718750000000000000e1
4.9750000000000000000e1
-4.9937500000000000000e1
5.0000000000000000000e1
-5.0187500000000000000e1
5.0187500000000000000e1
-5.0343750000000000000e1
5.0343750000000000000e1
-5.0531250000000000000e1
5.0625000000000000000e1
-5.0781250000000000000e1
5.0781250000000000000e1
-5.0968750000000000000e1
5.0968750000000000000e1
-5.1156250000000000000e1
5.1250000000000000000e1
-5.1406250000000000000e1
5.1406250000000000000e1
-5.1593750000000000000e1
5.1562500000000000000e1
-5.1781250000000000000e1
5.1843750000000000000e1
-5.2000000000000000000e1
5.2031250000000000000e1
-5.2218750000000000000e1
5.2218750000000000000e1
-5.2406250000000000000e1
5.2406250000000000000e1
-5.2593750000000000000e1
5.2625000000000000000e1
-5.2781250000000000000e1
5.2843750000000000000e1
-5.3031250000000000000e1
5.3031250000000000000e1
-5.3187500000000000000e1
5.3281250000000000000e1
-5.3437500000000000000e1
5.3437500000000000000e1
-5.3593750000000000000e1
5.3687500000000000000e1
-5.3875000000000000000e1
5.3843750000000000000e1
-5.4031250000000000000e1
5.4062500000000000000e1
-5.4218750000000000000e1
5.4312500000000000000e1
-5.4500000000000000000e1
5.4468750000000000000e1
-5.4625000000000000000e1
5.4656250000000000000e1
-5.4843750000000000000e1
5.4906250000000000000e1
-5.5093750000000000000e1
5.5093750000000000000e1
-5.5250000000000000000e1
5.5281250000000000000e1
-5.5437500000000000000e1
5.5531250000000000000e1
-5.5718750000000000000e1
5.5687500000000000000e1
-5.5875000000000000000e1
5.5875000000000000000e1
-5.6062500000000000000e1
5.6125000000000000000e1
-5.6312500000000000000e1
5.6312500000000000000e1
-5.6500000000000000000e1
5.6500000000000000000e1
-5.6687500000000000000e1
5.6750000000000000000e1
-5.6937500000000000000e1
5.6906250000000000000e1
-5.7125000000000000000e1
5.7125000000000000000e1
-5.7312500000000000000e1
5.7312500000000000000e1
-5.7500000000000000000e1
5.7562500000000000000e1
-5.7718750000000000000e1
5.7718750000000000000e1
-5.7906250000000000000e1
5.7937500000000000000e1
-5.8125000000000000000e1
5.8187500000000000000e1
-5.8343750000000000000e1
5.8375000000000000000e1
-5.8531250000000000000e1
5.8531250000000000000e1
-5.8718750000000000000e1
5.8781250000000000000e1
-5.8968750000000000000e1
5.8968750000000000000e1
-5.9156250000000000000e1
5.9156250000000000000e1
-5.9343750000000000000e1
5.9406250000000000000e1
-5.9593750000000000000e1
5.9562500000000000000e1
-5.9750000000000000000e1
5.9750000000000000000e1
-5.9937500000000000000e1
6.0000000000000000000e1
-6.0187500000000000000e1
6.0187500000000000000e1
-6.0375000000000000000e1
6.0375000000000000000e1
-6.0531250000000000000e1
6.0625000000000000000e1
-6.0812500000000000000e1
6.0781250000000000000e1
-6.0968750000000000000e1
6.1000000000000000000e1
-6.1187500000000000000e1
6.1250000000000000000e1
-6.1437500000000000000e1
6.1406250000000000000e1
-6.1593750000000000000e1
6.1687500000000000000e1
-6.1843750000000000000e1
6.1812500000000000000e1
-6.2000000000000000000e1
6.2093750000000000000e1
-6.2218750000000000000e1
6.2281250000000000000e1
-6.2406250000000000000e1
6.2500000000000000000e1
-6.2656250000000000000e1
6.2656250000000000000e1
-6.2812500000000000000e1
6.2812500000000000000e1
-6.3031250000000000000e1
6.3062500000000000000e1
-6.3250000000000000000e1
6.3281250000000000000e1
-6.3437500000000000000e1
6.3468750000000000000e1
-6.3625000000000000000e1
6.3718750000000000000e1
-6.3875000000000000000e1
6.3875000000000000000e1
-6.4031250000000000000e1
6.4062500000000000000e1
-6.4250000000000000000e1
6.4312500000000000000e1
-6.4500000000000000000e1
6.4500000000000000000e1
-6.4656250000000000000e1
6.4656250000000000000e1
-6.4843750000000000000e1
6.4906250000000000000e1
-6.5093750000000000000e1
6.5093750000000000000e1
-6.5281250000000000000e1
6.5281250000000000000e1
-6.5468750000000000000e1
6.5562500000000000000e1
-6.5718750000000000000e1
6.5718750000000000000e1
-6.5875000000000000000e1
6.5906250000000000000e1
-6.6093750000000000000e1
6.6093750000000000000e1
-6.6312500000000000000e1
6.6281250000000000000e1
-6.6500000000000000000e1
6.6500000000000000000e1
-6.6687500000000000000e1
6.6687500000000000000e1
-6.6937500000000000000e1
6.6906250000000000000e1
-6.7125000000000000000e1
6.7125000000000000000e1
-6.7312500000000000000e1
6.7312500000000000000e1
-6.7562500000000000000e1
6.7468750000000000000e1
-6.7750000000000000000e1
6.7718750000000000000e1
-6.7906250000000000000e1
6.7937500000000000000e1
-6.8125000000000000000e1
6.8125000000000000000e1
-6.8312500000000000000e1
6.8312500000000000000e1
-6.8500000000000000000e1
6.8531250000000000000e1
-6.8718750000000000000e1
6.8718750000000000000e1
-6.8968750000000000000e1
6.8875000000000000000e1
-6.9125000000000000000e1
6.9093750000000000000e1
-6.9312500000000000000e1
6.9343750000000000000e1
-6.9531250000000000000e1
6.9500000000000000000e1
-6.9781250000000000000e1
6.9687500000000000000e1
-6.9937500000000000000e1
6.9875000000000000000e1
-7.0125000000000000000e1
7.0062500000000000000e1
-7.0343750000000000000e1
7.0250000000000000000e1
-7.0531250000000000000e1
7.0468750000000000000e1
-7.0718750000000000000e1
7.0718750000000000000e1
-7.0906250000000000000e1
7.0906250000000000000e1
-7.1062500000000000000e1
7.1093750000000000000e1
-7.1281250000000000000e1
7.1312500000000000000e1
-7.1468750000000000000e1
7.1500000000000000000e1
-7.1656250000000000000e1
7.1687500000000000000e1
-7.1875000000000000000e1
7.1937500000000000000e1
-7.2093750000000000000e1
7.2125000000000000000e1
-7.2281250000000000000e1
7.2281250000000000000e1
-7.2562500000000000000e1
7.2437500000000000000e1
-7.2718750000000000000e1
7.2718750000000000000e1
-7.2906250000000000000e1
7.2937500000000000000e1
-7.3125000000000000000e1
7.3125000000000000000e1
-7.3312500000000000000e1
7.3281250000000000000e1
-7.3437500000000000000e1
7.3468750000000000000e1
-7.3656250000000000000e1
7.3718750000000000000e1
-7.3937500000000000000e1
7.3906250000000000000e1
-7.4062500000000000000e1
7.4062500000000000000e1
-7.4250000000000000000e1
7.4343750000000000000e1
-7.4500000000000000000e1
7.4500000000000000000e1
-7.4718750000000000000e1
7.4718750000000000000e1
-7.4906250000000000000e1
7.4875000000000000000e1
-7.5156250000000000000e1
7.5093750000000000000e1
-7.5343750000000000000e1
7.5281250000000000000e1
-7.5531250000000000000e1
7.5468750000000000000e1
-7.5750000000000000000e1
7.5687500000000000000e1
-7.5937500000000000000e1
7.5843750000000000000e1
-7.6125000000000000000e1
7.6031250000000000000e1
-7.6312500000000000000e1
7.6250000000000000000e1
-7.6500000000000000000e1
7.6437500000000000000e1
-7.6718750000000000000e1
7.6625000000000000000e1
-7.6906250000000000000e1
7.6843750000000000000e1
-7.7093750000000000000e1
7.7031250000000000000e1
-7.7312500000000000000e1
7.7187500000000000000e1
-7.7468750000000000000e1
7.7468750000000000000e1
-7.7656250000000000000e1
7.7687500000000000000e1
-7.7875000000000000000e1
7.7843750000000000000e1
-7.8031250000000000000e1
7.8031250000000000000e1
-7.8218750000000000000e1
7.8250000000000000000e1
-7.8437500000000000000e1
7.8437500000000000000e1
-7.8625000000000000000e1
7.8593750000000000000e1
-7.8812500000000000000e1
7.8812500000000000000e1
-7.9000000000000000000e1
7.9000000000000000000e1
-7.9187500000000000000e1
7.9187500000000000000e1
-7.9406250000000000000e1
7.9375000000000000000e1
-7.9625000000000000000e1
7.9562500000000000000e1
-7.9843750000000000000e1
7.9843750000000000000e1
-8.0031250000000000000e1
8.0031250000000000000e1
-8.0218750000000000000e1
8.0250000000000000000e1
-8.0437500000000000000e1
8.0343750000000000000e1
-8.0625000000000000000e1
8.0531250000000000000e1
-8.0781250000000000000e1
8.0718750000000000000e1
-8.1000000000000000000e1
8.0937500000000000000e1
-8.1187500000000000000e1
8.1125000000000000000e1
-8.1375000000000000000e1
8.1312500000000000000e1
-8.1593750000000000000e1
8.1531250000000000000e1
-8.1781250000000000000e1
8.1718750000000000000e1
-8.1968750000000000000e1
8.1875000000000000000e1
-8.2062500000000000000e1
8.2093750000000000000e1
-8.2281250000000000000e1
8.2281250000000000000e1
-8.2468750000000000000e1
8.2468750000000000000e1
-8.2656250000000000000e1
8.2687500000000000000e1
-8.2875000000000000000e1
8.2875000000000000000e1
-8.3062500000000000000e1
8.3062500000000000000e1
-8.3312500000000000000e1
8.3250000000000000000e1
-8.3500000000000000000e1
8.3500000000000000000e1
-8.3718750000000000000e1
8.3687500000000000000e1
-8.3875000000000000000e1
8.3875000000000000000e1
-8.4062500000000000000e1
8.4093750000000000000e1
-8.4281250000000000000e1
8.4281250000000000000e1
-8.4468750000000000000e1
8.4468750000000000000e1
-8.4656250000000000000e1
8.4687500000000000000e1
-8.4875000000000000000e1
8.4843750000000000000e1
-8.5031250000000000000e1
8.5031250000000000000e1
-8.5250000000000000000e1
8.5250000000000000000e1
-8.5437500000000000000e1
8.5437500000000000000e1
-8.5625000000000000000e1
8.5593750000000000000e1
-8.5875000000000000000e1
8.5812500000000000000e1
-8.6031250000000000000e1
8.5968750000000000000e1
-8.6250000000000000000e1
8.6187500000000000000e1
-8.6437500000000000000e1
8.6375000000000000000e1
-8.6625000000000000000e1
8.6656250000000000000e1
-8.6843750000000000000e1
8.6843750000000000000e1
-8.7031250000000000000e1
8.7000000000000000000e1
-8.7218750000000000000e1
8.7218750000000000000e1
-8.7406250000000000000e1
8.7406250000000000000e1
-8.7593750000000000000e1
8.7593750000000000000e1
-8.7812500000000000000e1
8.7812500000000000000e1
-8.8000000000000000000e1
8.7906250000000000000e1
-8.8187500000000000000e1
8.8093750000000000000e1
-8.8406250000000000000e1
8.8281250000000000000e1
-8.8593750000000000000e1
8.8500000000000000000e1
-8.8750000000000000000e1
8.8687500000000000000e1
-8.8968750000000000000e1
8.8906250000000000000e1
-8.9156250000000000000e1
8.9125000000000000000e1
-8.9343750000000000000e1
8.9312500000000000000e1
-8.9468750000000000000e1
8.9468750000000000000e1
-8.9687500000000000000e1
8.9687500000000000000e1
-8.9906250000000000000e1
8.9843750000000000000e1
-9.0093750000000000000e1
9.0031250000000000000e1
-9.0281250000000000000e1
9.0218750000000000000e1
-9.0500000000000000000e1
9.0437500000000000000e1
-9.0656250000000000000e1
9.0625000000000000000e1
-9.0875000000000000000e1
9.0812500000000000000e1
-9.1062500000000000000e1
9.1031250000000000000e1
-9.1250000000000000000e1
9.1187500000000000000e1
-9.1375000000000000000e1
9.1375000000000000000e1
-9.1562500000000000000e1
9.1625000000000000000e1
-9.1781250000000000000e1
9.1812500000000000000e1
-9.1968750000000000000e1
9.2000000000000000000e1
-9.2156250000000000000e1
9.2218750000000000000e1
-9.2375000000000000000e1
9.2375000000000000000e1
-9.2531250000000000000e1
9.2562500000000000000e1
-9.2750000000000000000e1
9.2781250000000000000e1
-9.2937500000000000000e1
9.2968750000000000000e1
-9.3125000000000000000e1
9.3125000000000000000e1
-9.3343750000000000000e1
9.3343750000000000000e1
-9.3500000000000000000e1
9.3531250000000000000e1
-9.3687500000000000000e1
9.3718750000000000000e1
-9.3937500000000000000e1
9.3937500000000000000e1
-9.4125000000000000000e1
9.4093750000000000000e1
-9.4281250000000000000e1
9.4312500000000000000e1
-9.4500000000000000000e1
9.4531250000000000000e1
-9.4687500000000000000e1
9.4718750000000000000e1
-9.4906250000000000000e1
9.4906250000000000000e1
-9.5125000000000000000e1
9.5000000000000000000e1
-9.5218750000000000000e1
9.5250000000000000000e1
-9.5406250000000000000e1
9.5437500000000000000e1
-9.5593750000000000000e1
9.5625000000000000000e1
-9.5843750000000000000e1
9.5843750000000000000e1
-9.6031250000000000000e1
9.5968750000000000000e1
-9.6156250000000000000e1
9.6187500000000000000e1
-9.6343750000000000000e1
9.6375000000000000000e1
-9.6531250000000000000e1
9.6593750000000000000e1
-9.6750000000000000000e1
9.6750000000000000000e1
-9.6937500000000000000e1
9.6937500000000000000e1
-9.7125000000000000000e1
9.7156250000000000000e1
-9.7343750000000000000e1
9.7343750000000000000e1
-9.7531250000000000000e1
9.7500000000000000000e1
-9.7718750000000000000e1
9.7656250000000000000e1
-9.7937500000000000000e1
9.7875000000000000000e1
-9.8125000000000000000e1
9.8093750000000000000e1
-9.8312500000000000000e1
9.8281250000000000000e1
-9.8531250000000000000e1
9.8468750000000000000e1
-9.8656250000000000000e1
9.8656250000000000000e1
-9.8843750000000000000e1
9.8875000000000000000e1
-9.9031250000000000000e1
9.9062500000000000000e1
-9.9250000000000000000e1
9.9281250000000000000e1
-9.9437500000000000000e1
9.9468750000000000000e1
-9.9625000000000000000e1
9.9656250000000000000e1
-9.9843750000000000000e1
9.9843750000000000000e1
-1.0003125000000000000e2
1.0003125000000000000e2
-1.0021875000000000000e2
1.0025000000000000000e2
-1.0043750000000000000e2
1.0034375000000000000e2
-1.0062500000000000000e2
1.0056250000000000000e2
-1.0081250000000000000e2
1.0075000000000000000e2
-1.0100000000000000000e2
1.0093750000000000000e2
-1.0118750000000000000e2
1.0112500000000000000e2
-1.0131250000000000000e2
1.0134375000000000000e2
-1.0150000000000000000e2
1.0153125000000000000e2
-1.0171875000000000000e2
1.0175000000000000000e2
-1.0190625000000000000e2
1.0193750000000000000e2
-1.0209375000000000000e2
1.0212500000000000000e2
-1.0234375000000000000e2
1.0221875000000000000e2
-1.0253125000000000000e2
1.0246875000000000000e2
-1.0265625000000000000e2
1.0268750000000000000e2
-1.0284375000000000000e2
1.0284375000000000000e2
-1.0306250000000000000e2
1.0306250000000000000e2
-1.0325000000000000000e2
1.0325000000000000000e2
-1.0343750000000000000e2
1.0337500000000000000e2
-1.0365625000000000000e2
1.0359375000000000000e2
-1.0384375000000000000e2
1.0381250000000000000e2
-1.0403125000000000000e2
1.0400000000000000000e2
-1.0425000000000000000e2
1.0415625000000000000e2
-1.0443750000000000000e2
1.0431250000000000000e2
-1.0456250000000000000e2
1.0450000000000000000e2
-1.0478125000000000000e2
1.0471875000000000000e2
-1.0496875000000000000e2
1.0490625000000000000e2
-1.0518750000000000000e2
1.0509375000000000000e2
-1.0531250000000000000e2
1.0531250000000000000e2
-1.0553125000000000000e2
1.0546875000000000000e2
-1.0571875000000000000e2
1.0565625000000000000e2
-1.0593750000000000000e2
1.0584375000000000000e2
-1.0609375000000000000e2
1.0606250000000000000e2
-1.0625000000000000000e2
1.0625000000000000000e2
-1.0643750000000000000e2
1.0643750000000000000e2
-1.0662500000000000000e2
1.0665625000000000000e2
-1.0684375000000000000e2
1.0684375000000000000e2
-1.0703125000000000000e2
1.0703125000000000000e2
-1.0721875000000000000e2
1.0715625000000000000e2
-1.0743750000000000000e2
1.0737500000000000000e2
-1.0759375000000000000e2
1.0756250000000000000e2
-1.0775000000000000000e2
1.0778125000000000000e2
-1.0793750000000000000e2
1.0796875000000000000e2
-1.0815625000000000000e2
1.0818750000000000000e2
-1.0834375000000000000e2
1.0831250000000000000e2
-1.0856250000000000000e2
1.0850000000000000000e2
-1.0868750000000000000e2
1.0868750000000000000e2
-1.0890625000000000000e2
1.0893750000000000000e2
-1.0909375000000000000e2
1.0912500000000000000e2
-1.0928125000000000000e2
1.0931250000000000000e2
-1.0950000000000000000e2
1.0943750000000000000e2
-1.0971875000000000000e2
1.0956250000000000000e2
-1.0984375000000000000e2
1.0975000000000000000e2
-1.0996875000000000000e2
1.1000000000000000000e2
-1.1015625000000000000e2
1.1018750000000000000e2
-1.1034375000000000000e2
1.1037500000000000000e2
-1.1059375000000000000e2
1.1059375000000000000e2
-1.1078125000000000000e2
1.1071875000000000000e2
-1.1096875000000000000e2
1.1093750000000000000e2
-1.1112500000000000000e2
1.1106250000000000000e2
-1.1131250000000000000e2
1.1128125000000000000e2
-1.1153125000000000000e2
1.1146875000000000000e2
-1.1165625000000000000e2
1.1168750000000000000e2
-1.1187500000000000000e2
1.1187500000000000000e2
-1.1206250000000000000e2
1.1200000000000000000e2
-1.1225000000000000000e2
1.1221875000000000000e2
-1.1246875000000000000e2
1.1243750000000000000e2
-1.1268750000000000000e2
1.1253125000000000000e2
-1.1281250000000000000e2
1.1275000000000000000e2
-1.1303125000000000000e2
1.1296875000000000000e2
-1.1315625000000000000e2
1.1309375000000000000e2
-1.1334375000000000000e2
1.1328125000000000000e2
-1.1350000000000000000e2
1.1353125000000000000e2
-1.1371875000000000000e2
1.1362500000000000000e2
-1.1390625000000000000e2
1.1387500000000000000e2
-1.1406250000000000000e2
1.1400000000000000000e2
-1.1425000000000000000e2
1.1421875000000000000e2
-1.1440625000000000000e2
1.1440625000000000000e2
-1.1459375000000000000e2
1.1462500000000000000e2
-1.1481250000000000000e2
1.1484375000000000000e2
-1.1500000000000000000e2
1.1496875000000000000e2
-1.1521875000000000000e2
1.1515625000000000000e2
-1.1534375000000000000e2
1.1534375000000000000e2
-1.1553125000000000000e2
1.1559375000000000000e2
-1.1568750000000000000e2
1.1578125000000000000e2
-1.1590625000000000000e2
1.1596875000000000000e2
-1.1609375000000000000e2
1.1618750000000000000e2
-1.1628125000000000000e2
1.1628125000000000000e2
-1.1650000000000000000e2
1.1640625000000000000e2
-1.1668750000000000000e2
1.1662500000000000000e2
-1.1684375000000000000e2
1.1684375000000000000e2
-1.1703125000000000000e2
1.1703125000000000000e2
-1.1715625000000000000e2
1.1725000000000000000e2
-1.1734375000000000000e2
1.1743750000000000000e2
-1.1756250000000000000e2
1.1756250000000000000e2
-1.1778125000000000000e2
1.1778125000000000000e2
-1.1796875000000000000e2
1.1790625000000000000e2
-1.1821875000000000000e2
1.1812500000000000000e2
-1.1831250000000000000e2
1.1834375000000000000e2
-1.1853125000000000000e2
1.1853125000000000000e2
-1.1871875000000000000e2
1.1871875000000000000e2
-1.1890625000000000000e2
1.1884375000000000000e2
-1.1912500000000000000e2
1.1900000000000000000e2
-1.1928125000000000000e2
1.1918750000000000000e2
-1.1940625000000000000e2
