
11 1 
0.000000
-1.000000
1.000000
-1.000000
1.000000
1.000000
1.000000
1.000000
-1.000000
0.000000
0.000000

11 1 
0.000000
1.000000
-1.000000
1.000000
1.000000
-1.000000
1.000000
-1.000000
1.000000
-1.000000
0.000000

11 1 
0.000000
-1.000000
1.000000
-1.000000
1.000000
-1.000000
1.000000
-1.000000
1.000000
-1.000000
0.000000

11 1 
0.000000
1.000000
-1.000000
1.000000
-1.000000
1.000000
-1.000000
1.000000
-1.000000
-1.000000
0.000000

11 1 
0.000000
1.000000
-1.000000
1.000000
-1.000000
1.000000
1.000000
1.000000
1.000000
1.000000
0.000000

11 1 
-1.000000
-1.000000
1.000000
-1.000000
1.000000
1.000000
1.000000
1.000000
1.000000
1.000000
-1.000000
