5 1 1200
1200 1
0
1.3790037319950989581
-2.1562796026282538153
1.5781862270163554835
-1.7712985332196323210
1.5883171794500169477
-1.6013320534791755450
1.4861547922036059498
-1.4345806064411292774
1.3325376415901357951
-1.2528655692313396208
1.1517374232788831140
-1.0583074260269112926
9.5529140991408166324e-1
-8.5462364927385954655e-1
7.4947586271312996673e-1
-6.4480296252360250579e-1
5.3793561872146355304e-1
-4.3096158282346317304e-1
3.2286030471168186523e-1
-2.1452872109313832569e-1
1.0559237014038246683e-1
3.5530510272095933518e-3
-1.1303425088319342076e-1
2.2267046323348731803e-1
-3.3249702779978379505e-1
4.4242773889993006515e-1
-5.5246669823922968594e-1
6.6257074472343429242e-1
-7.7273502308163889793e-1
8.8293681288653226881e-1
-9.9316999293861677837e-1
1.1034220299674825844
-1.2136877975299055458
1.3239601008372117021
-1.4342351776386290226
1.5445087662788072412
-1.6547782696752663309
1.7650411045719566162
-1.8752955361002012792
1.9855399728551876049
-2.0957732777701638586
2.2059944597717418002
-2.3162027822215431488
2.4263976236124940194
-2.5365785102912590267
2.6467450509073538023
-2.7568969425054425051
2.8670339381831450557
-2.9771558449867886192
3.0872625071322750155
-3.1973538022370362226
3.3074296321846134546
-3.4174899197400857856
3.5275346033618997326
-3.6375636346470181743
3.7475769752827168489
-3.8575745952576547872
3.9675564710246686773
-4.0775225842959391096
4.1874729209153127383
-4.2974074700644904751
4.4073262235621283693
-4.5172291753475969208
4.6271163210416676445
-4.7369876576134395892
4.8468431831034560612
-4.9566828964098634110
5.0665067971132716423
-5.1763148853398855619
5.2861071616504640666
-5.3958836269528873774
5.5056442824316502401
-5.6153891294920779092
5.7251181697155139071
-5.8348314048237563717
5.9445288366505590966
-6.0542104671189700970
6.1638762982232001971
-6.2735263320141875521
6.3831605705880593204
-6.4927790160769380273
6.6023816706415977247
-6.7119685364656095237
6.8215396157506669642
-6.9310949107128582265
7.0406344235796903653
-7.1501581565877157978
7.2596661119806379255
-7.3691582920077999566
7.4786346989229789156
-7.5880953349834235269
7.6975402024490864558
-7.8069693035820117761
7.9163826406458461989
-8.0257802159054491128
8.1351620316265814266
-8.2445280900756573142
8.3538783935195461339
-8.4632129442254143919
8.5725317444605996508
-8.6818347964925099319
8.7911221025885434559
-8.9003936650160246140
9.0096494860421528875
-9.1188895679339621004
9.2281139129582879163
-9.3373225233817419137
9.4465154014706909089
-9.5556925494912404690
9.6648539697092217645
-9.7739996643901810895
9.8831296357993715091
-9.9922438862017462038
1.0101342417861953169e1
-1.0210425233044330996e1
1.0319492334012905513e1
-1.0428543723031387114e1
1.0537579402363168644e1
-1.0646599374271323708e1
1.0755603641018605348e1
-1.0864592204867444978e1
1.0973565068079951561e1
-1.1082522232917910951e1
1.1191463701642785382e1
-1.1300389476515713066e1
1.1409299559797507887e1
-1.1518193953748659163e1
1.1627072660629331466e1
-1.1735935682699364485e1
1.1844783022218272935e1
-1.1953614681445246483e1
1.2062430662639149704e1
-1.2171230968058522058e1
1.2280015599961577874e1
-1.2388784560606206354e1
1.2497537852249971579e1
-1.2606275477150112529e1
1.2714997437563543103e1
-1.2823703735746852153e1
1.2932394373956303507e1
-1.3041069354447836012e1
1.3149728679477063566e1
-1.3258372351299275158e1
1.3367000372169434913e1
-1.3475612744342182126e1
1.3584209470071831313e1
-1.3692790551612372248e1
1.3801355991217470012e1
-1.3909905791140465037e1
1.4018439953634373148e1
-1.4126958480951885613e1
1.4235461375345369185e1
-1.4343948639066866150e1
1.4452420274368094372e1
-1.4560876283500447342e1
1.4669316668714994219e1
-1.4777741432262479883e1
1.4886150576393324974e1
-1.4994544103357625947e1
1.5102922015405155110e1
-1.5211284314785360677e1
1.5319631003747366811e1
-1.5427962084539973674e1
1.5536277559411657467e1
-1.5644577430610570487e1
1.5752861700384541161e1
-1.5861130370981074105e1
1.5969383444647350162e1
-1.6077620923630226451e1
1.6185842810176236417e1
-1.6294049106531589871e1
1.6402239814942173043e1
-1.6510414937653548624e1
1.6618574476910955818e1
-1.6726718434959310381e1
1.6834846814043204673e1
-1.6942959616406907706e1
1.7051056844294365183e1
-1.7159138499949199555e1
1.7267204585614710057e1
-1.7375255103533872763e1
1.7483290055949340628e1
-1.7591309445103443535e1
1.7699313273238188343e1
-1.7807301542595258933e1
1.7915274255416016253e1
-1.8023231413941498368e1
1.8131173020412420502e1
-1.8239099077069175089e1
1.8347009586151831815e1
-1.8454904549900137669e1
1.8562783970553516985e1
-1.8670647850351071494e1
1.8778496191531580364e1
-1.8886328996333500252e1
1.8994146266994965347e1
-1.9101948005753787418e1
1.9209734214847455860e1
-1.9317504896513137741e1
1.9425260052987677847e1
-1.9532999686507598730e1
1.9640723799309100754e1
-1.9748432393628062142e1
1.9856125471700039019e1
-1.9963803035760265464e1
2.0071465088043653551e1
-2.0179111630784793400e1
2.0286742666217953220e1
-2.0394358196577079357e1
2.0501958224095796338e1
-2.0609542751007406923e1
2.0717111779544892144e1
-2.0824665311940911358e1
2.0932203350427802289e1
-2.1039725897237581074e1
2.1147232954601942314e1
-2.1254724524752259116e1
2.1362200609919583140e1
-2.1469661212334644646e1
2.1577106334227852542e1
-2.1684535977829294427e1
2.1791950145368736639e1
-2.1899348839075624301e1
2.2006732061179081368e1
-2.2114099813907910672e1
2.2221452099490593969e1
-2.2328788920155291986e1
2.2436110278129844465e1
-2.2543416175641770211e1
2.2650706614918267139e1
-2.2757981598186212319e1
2.2865241127672162020e1
-2.2972485205602351761e1
2.3079713834202696354e1
-2.3186927015698789950e1
2.3294124752315906088e1
-2.3401307046278997739e1
2.3508473899812697350e1
-2.3615625315141316896e1
2.3722761294488847920e1
-2.3829881840078961585e1
2.3936986954135008714e1
-2.4044076638880019842e1
2.4151150896536705258e1
-2.4258209729327455052e1
2.4365253139474339163e1
-2.4472281129199107424e1
2.4579293700723189606e1
-2.4686290856267695469e1
2.4793272598053414803e1
-2.4900238928300817476e1
2.5007189849230053481e1
-2.5114125363060952983e1
2.5221045472013026361e1
-2.5327950178305464257e1
2.5434839484157137623e1
-2.5541713391786597765e1
2.5648571903412076388e1
-2.5755415021251485647e1
2.5862242747522418188e1
-2.5969055084442147194e1
2.6075852034227626437e1
-2.6182633599095490316e1
2.6289399781262053909e1
-2.6396150582943313016e1
2.6502886006354944206e1
-2.6609606053712304864e1
2.6716310727230433234e1
-2.6823000029124048467e1
2.6929673961607550669e1
-2.7036332526895020941e1
2.7142975727200221433e1
-2.7249603564736595381e1
2.7356216041717267162e1
-2.7462813160355042332e1
2.7569394922862407678e1
-2.7675961331451531260e1
2.7782512388334262457e1
-2.7889048095722132018e1
2.7995568455826352101e1
-2.8102073470857816321e1
2.8208563143027099801e1
-2.8315037474544459210e1
2.8421496467619832814e1
-2.8527940124462840521e1
2.8634368447282783926e1
-2.8740781438288646356e1
2.8847179099689092918e1
-2.8953561433692470545e1
2.9059928442506808039e1
-2.9166280128339816120e1
2.9272616493398887468e1
-2.9378937539891096774e1
2.9485243270023200782e1
-2.9591533686001638335e1
2.9697808790032530423e1
-2.9804068584321680225e1
2.9910313071074573160e1
-3.0016542252496376929e1
3.0122756130791941562e1
-3.0228954708165799461e1
3.0335137986822165451e1
-3.0441305968964936823e1
3.0547458656797693378e1
-3.0653596052523697477e1
3.0759718158345894080e1
-3.0865824976466910801e1
3.0971916509089057944e1
-3.1077992758414328558e1
3.1184053726644398473e1
-3.1290099415980626355e1
3.1396129828624053746e1
-3.1502144966775405110e1
3.1608144832635087880e1
-3.1714129428403192506e1
3.1820098756279492496e1
-3.1926052818463444463e1
3.2031991617154188174e1
-3.2137915154550546590e1
3.2243823432851025918e1
-3.2349716454253815650e1
3.2455594220956788616e1
-3.2561456735157501021e1
3.2667303999053192500e1
-3.2773136014840786155e1
3.2878952784716888605e1
-3.2984754310877790034e1
3.3090540595519464229e1
-3.3196311640837568635e1
3.3302067449027444392e1
-3.3407808022284116385e1
3.3513533362802293291e1
-3.3619243472776367620e1
3.3724938354400415765e1
-3.3830618009868198043e1
3.3936282441373158746e1
-3.4041931651108426181e1
3.4147565641266812720e1
-3.4253184414040814841e1
3.4358787971622613180e1
-3.4464376316204072569e1
3.4569949449976742088e1
-3.4675507375131855104e1
3.4781050093860329325e1
-3.4886577608352766835e1
3.4992089920799454150e1
-3.5097587033390362255e1
3.5203068948315146655e1
-3.5308535667763147417e1
3.5413987193923389217e1
-3.5519423528984581386e1
3.5624844675135117955e1
-3.5730250634563077699e1
3.5835641409456224184e1
-3.5941017002002005811e1
3.6046377414387555864e1
-3.6151722648799692552e1
3.6257052707424919058e1
-3.6362367592449423582e1
3.6467667306059079385e1
-3.6572951850439444838e1
3.6678221227775763465e1
-3.6783475440252963989e1
3.6888714490055660378e1
-3.6993938379368151889e1
3.7099147110374423115e1
-3.7204340685258144026e1
3.7309519106202670022e1
-3.7414682375391041970e1
3.7519830495005986258e1
-3.7624963467229914831e1
3.7730081294244925242e1
-3.7835183978232800699e1
3.7940271521375010103e1
-3.8045343925852708101e1
3.8150401193846735128e1
-3.8255443327537617449e1
3.8360470329105567211e1
-3.8465482200730482484e1
3.8570478944591947305e1
-3.8675460562869231728e1
3.8780427057741291864e1
-3.8885378431386769931e1
3.8990314685983994296e1
-3.9095235823710979519e1
3.9200141846745426405e1
-3.9305032757264722040e1
3.9409908557445939843e1
-3.9514769249465839609e1
3.9619614835500867553e1
-3.9724445317727156357e1
3.9829260698320525214e1
-3.9934060979456479875e1
4.0038846163310212691e1
-4.0143616252056602660e1
4.0248371247870215473e1
-4.0353111152925303558e1
4.0457835969395806125e1
-4.0562545699455349212e1
4.0667240345277245728e1
-4.0771919909034495501e1
4.0876584392899785323e1
-4.0981233799045488990e1
4.1085868129643667354e1
-4.1190487386866068365e1
4.1295091572884127115e1
-4.1399680689868965884e1
4.1504254739991394186e1
-4.1608813725421908813e1
4.1713357648330693881e1
-4.1817886510887620873e1
4.1922400315262248686e1
-4.2026899063623823676e1
4.2131382758141279702e1
-4.2235851400983238172e1
4.2340304994318008086e1
-4.2444743540313586085e1
4.2549167041137656490e1
-4.2653575498957591354e1
4.2757968915940450502e1
-4.2862347294252981577e1
4.2966710636061620086e1
-4.3071058943532489444e1
4.3175392218831401020e1
-4.3279710464123854181e1
4.3384013681575036337e1
-4.3488301873349822987e1
4.3592575041612777761e1
-4.3696833188528152470e1
4.3801076316259887145e1
-4.3905304426971610088e1
4.4009517522826637911e1
-4.4113715605987975586e1
4.4217898678618316486e1
-4.4322066742880042431e1
4.4426219800935223736e1
-4.4530357854945619250e1
4.4634480907072676407e1
-4.4738588959477531265e1
4.4842682014321008557e1
-4.4946760073763621730e1
4.5050823139965572994e1
-4.5154871215086753364e1
4.5258904301286742709e1
-4.5362922400724809791e1
4.5466925515559912314e1
-4.5570913647950696967e1
4.5674886800055499471e1
-4.5778844974032344621e1
4.5882788172038946331e1
-4.5986716396232707683e1
4.6090629648770720966e1
-4.6194527931809767723e1
4.6298411247506318797e1
-4.6402279598016534377e1
4.6506132985496264036e1
-4.6609971412101046785e1
4.6713794879986111110e1
-4.6817603391306375022e1
4.6921396948216446097e1
-4.7025175552870621526e1
4.7128939207422888155e1
-4.7232687914026922533e1
4.7336421674836090955e1
-4.7440140492003449507e1
4.7543844367681744111e1
-4.7647533304023410569e1
4.7751207303180574609e1
-4.7854866367305051927e1
4.7958510498548348237e1
-4.8062139699061659308e1
4.8165753970995871016e1
-4.8269353316501559384e1
4.8372937737728990627e1
-4.8476507236828121201e1
4.8580061815948597841e1
-4.8683601477239757610e1
4.8787126222850627943e1
-4.8890636054929926692e1
4.8994130975626062167e1
-4.9097610987087133187e1
4.9201076091460929117e1
-4.9304526290894929920e1
4.9407961587536306195e1
-4.9511381983531919228e1
4.9614787481028321031e1
-4.9718178082171754388e1
4.9821553789108152902e1
-4.9924914603983141038e1
5.0028260528942034167e1
-5.0131591566129838609e1
5.0234907717691251683e1
-5.0338208985770661745e1
5.0441495372512148236e1
-5.0544766880059481727e1
5.0648023510556123962e1
-5.0751265266145227903e1
5.0854492148969637773e1
-5.0957704161171889105e1
5.1060901304894208779e1
-5.1164083582278515076e1
5.1267250995466417713e1
-5.1370403546599217894e1
5.1473541237817908351e1
-5.1576664071263173391e1
5.1679772049075388937e1
-5.1782865173394622576e1
5.1885943446360633602e1
-5.1989006870112873060e1
5.2092055446790483790e1
-5.2195089178532300473e1
5.2298108067476849674e1
-5.2401112115762349888e1
5.2504101325526711581e1
-5.2607075698907537238e1
5.2710035238042121407e1
-5.2812979945067450740e1
5.2915909822120204043e1
-5.3018824871336752314e1
5.3121725094853158791e1
-5.3224610494805178997e1
5.3327481073328260783e1
-5.3430336832557544371e1
5.3533177774627862401e1
-5.3636003901673739973e1
5.3738815215829394693e1
-5.3841611719228736717e1
5.3944393414005368794e1
-5.4047160302292586311e1
5.4149912386223377339e1
-5.4252649667930422675e1
5.4355372149546095887e1
-5.4458079833202463357e1
5.4560772721031284329e1
-5.4663450815164010948e1
5.4766114117731788309e1
-5.4868762630865454500e1
5.4971396356695540642e1
-5.5074015297352270941e1
5.5176619454965562724e1
-5.5279208831665026490e1
5.5381783429579965950e1
-5.5484343250839378072e1
5.5586888297571953127e1
-5.5689418571906074732e1
5.5791934075969819892e1
-5.5894434811890959049e1
5.5996920781796956120e1
-5.6099391987814968549e1
5.6201848432071847342e1
-5.6304290116694137120e1
5.6406717043808076155e1
-5.6509129215539596422e1
5.6611526634014323636e1
-5.6713909301357577302e1
5.6816277219694370754e1
-5.6918630391149411204e1
5.7020968817847099781e1
-5.7123292501911531581e1
5.7225601445466495704e1
-5.7327895650635475306e1
5.7430175119541647635e1
-5.7532439854307884083e1
5.7634689857056750223e1
-5.7736925129910505859e1
5.7839145674991105063e1
-5.7941351494420196228e1
5.8043542590319122105e1
-5.8145718964808919849e1
5.8247880620010321064e1
-5.8350027558043751847e1
5.8452159781029332831e1
-5.8554277291086879228e1
5.8656380090335900876e1
-5.8758468180895602281e1
5.8860541564884882661e1
-5.8962600244422335992e1
5.9064644221626251048e1
-5.9166673498614611449e1
5.9268688077505095701e1
-5.9370687960415077246e1
5.9472673149461624498e1
-5.9574643646761500894e1
5.9676599454431164934e1
-5.9778540574586770226e1
5.9880467009344165531e1
-5.9982378760818894802e1
6.0084275831126197237e1
-6.0186158222381007315e1
6.0288025936697954841e1
-6.0389878976191364993e1
6.0491717342975258366e1
-6.0593541039163351011e1
6.0695350066869054484e1
-6.0797144428205475887e1
6.0898924125285417914e1
-6.1000689160221378891e1
6.1102439535125552825e1
-6.1204175252109829446e1
6.1305896313285794246e1
-6.1407602720764728531e1
6.1509294476657609459e1
-6.1610971583075110085e1
6.1712634042127599409e1
-6.1814281855925142410e1
6.1915915026577500103e1
-6.2017533556194129569e1
6.2119137446884184011e1
-6.2220726700756512790e1
6.2322301319919661470e1
-6.2423861306481871866e1
6.2525406662551082082e1
-6.2626937390234926558e1
6.2728453491640736113e1
-6.2829954968875537991e1
6.2931441824046055899e1
-6.3032914059258710057e1
6.3134371676619617238e1
-6.3235814678234590813e1
6.3337243066209140795e1
-6.3438656842648473881e1
6.3540056009657493498e1
-6.3641440569340799844e1
6.3742810523802689936e1
-6.3844165875147157649e1
6.3945506625477893760e1
-6.4046832776898285997e1
6.4148144331511419076e1
-6.4249441291420074749e1
6.4350723658726731846e1
-6.4451991435533566318e1
6.4553244623942451282e1
-6.4654483226054957065e1
6.4755707243972351245e1
-6.4856916679795598697e1
6.4958111535625361637e1
-6.5059291813561999663e1
6.5160457515705569802e1
-6.5261608644155826549e1
6.5362745201012221916e1
-6.5463867188373905471e1
6.5564974608339724384e1
-6.5666067463008223471e1
6.5767145754477645235e1
-6.5868209484845929912e1
6.5969258656210715514e1
-6.6070293270669337871e1
6.6171313330318830677e1
-6.6272318837255925531e1
6.6373309793577051984e1
-6.6474286201378337577e1
6.6575248062755607890e1
-6.6676195379804386583e1
6.6777128154619895440e1
-6.6878046389297054411e1
6.6978950085930481659e1
-6.7079839246614493598e1
6.7180713873443104944e1
-6.7281573968510028749e1
6.7382419533908676455e1
-6.7483250571732157927e1
6.7584067084073281506e1
-6.7684869073024554044e1
6.7785656540678180955e1
-6.7886429489126066252e1
6.7987187920459812594e1
-6.8087931836770721330e1
6.8188661240149792540e1
-6.8289376132687725078e1
6.8390076516474916620e1
-6.8490762393601463701e1
6.8591433766157161763e1
-6.8692090636231505199e1
6.8792733005913687390e1
-6.8893360877292600757e1
6.8993974252456836797e1
-6.9094573133494686131e1
6.9195157522494138546e1
-6.9295727421542883036e1
6.9396282832728307850e1
-6.9496823758137500531e1
6.9597350199857247963e1
-6.9697862159974036409e1
6.9798359640574051562e1
-6.9898842643743178580e1
6.9999311171567002136e1
-7.0099765226130806457e1
7.0200204809519575371e1
-7.0300629923817992344e1
7.0401040571110440533e1
-7.0501436753481002818e1
7.0601818473013461856e1
-7.0702185731791300115e1
7.0802538531897699924e1
-7.0902876875415543512e1
7.1003200764427413055e1
-7.1103510201015590715e1
7.1203805187262058686e1
-7.1304085725248499237e1
7.1404351817056294755e1
-7.1504603464766527786e1
7.1604840670459981083e1
-7.1705063436217137643e1
7.1805271764118180758e1
-7.1905465656242994048e1
7.2005645114671161515e1
-7.2105810141481967578e1
7.2205960738754397121e1
-7.2306096908567135532e1
7.2406218652998568751e1
-7.2506325974126783308e1
7.2606418874029566372e1
-7.2706497354784405789e1
7.2806561418468490125e1
-7.2906611067158708715e1
7.3006646302931651700e1
-7.3106667127863610072e1
7.3206673544030575719e1
-7.3306665553508241465e1
7.3406643158372001115e1
-7.3506606360696949498e1
7.3606555162557882510e1
-7.3706489566029297155e1
7.3806409573185391591e1
-7.3906315186100065174e1
7.4006206406846918495e1
-7.4106083237499253429e1
7.4205945680130073177e1
-7.4305793736812082306e1
7.4405627409617686795e1
-7.4505446700618994078e1
7.4605251611887813084e1
-7.4705042145495654283e1
7.4804818303513729729e1
-7.4904580088012953101e1
7.5004327501063939748e1
-7.5104060544737006729e1
7.5203779221102172861e1
-7.5303483532229158756e1
7.5403173480187386868e1
-7.5502849067045981536e1
7.5602510294873769025e1
-7.5702157165739277569e1
7.5801789681710737416e1
-7.5901407844856080868e1
7.6001011657242942327e1
-7.6100601120938658336e1
7.6200176238010267623e1
-7.6299737010524511140e1
7.6399283440547832115e1
-7.6498815530146376083e1
7.6598333281385990939e1
-7.6697836696332226976e1
7.6797325777050336927e1
-7.6896800525605276011e1
7.6996260944061701974e1
-7.7095707034483975132e1
7.7195138798936158416e1
-7.7294556239482017410e1
7.7393959358185020398e1
-7.7493348157108338407e1
7.7592722638314845246e1
-7.7692082803867117554e1
7.7791428655827434837e1
-7.7890760196257779515e1
7.7990077427219836966e1
-7.8089380350774995564e1
7.8188668968984346723e1
-7.8287943283908684944e1
7.8387203297608507854e1
-7.8486449012144016248e1
7.8585680429575114136e1
-7.8684897551961408779e1
7.8784100381362210740e1
-7.8883288919836533921e1
7.8982463169443095606e1
-7.9081623132240316508e1
7.9180768810286320804e1
-7.9279900205638936188e1
7.9379017320355693905e1
-7.9478120156493828797e1
7.9577208716110279345e1
-7.9676283001261687715e1
7.9775343014004399796e1
-7.9874388756394465245e1
7.9973420230487637528e1
-8.0072437438339373966e1
8.0171440382004835775e1
-8.0270429063538888110e1
8.0369403484996100104e1
-8.0468363648430744917e1
8.0567309555896799774e1
-8.0666241209447946009e1
8.0765158611137569107e1
-8.0864061763018758747e1
8.0962950667144308846e1
-8.1061825325566717598e1
8.1160685740338187523e1
-8.1259531913510625500e1
8.1358363847135642821e1
-8.1457181543264555222e1
8.1555985003948382936e1
-8.1654774231237850727e1
8.1753549227183387941e1
-8.1852309993835128539e1
8.1951056533242911147e1
-8.2049788847456279097e1
8.2148506938524480467e1
-8.2247210808496468125e1
8.2345900459420899773e1
-8.2444575893346137986e1
8.2543237112320250260e1
-8.2641884118391009049e1
8.2740516913605891809e1
-8.2839135500012081043e1
8.2937739879656464341e1
-8.3036330054585634423e1
8.3134906026845889182e1
-8.3233467798483231725e1
8.3332015371543370419e1
-8.3430548748071718928e1
8.3529067930113396262e1
-8.3627572919713226813e1
8.3726063718915740402e1
-8.3824540329765172318e1
8.3923002754305463365e1
-8.4021450994580259900e1
8.4119885052632913877e1
-8.4218304930506482890e1
8.4316710630243730215e1
-8.4415102153887124853e1
8.4513479503478841569e1
-8.4611842681060760940e1
8.4710191688674469394e1
-8.4808526528361259251e1
8.4906847202162128770e1
-8.5005153712117782187e1
8.5103446060268629757e1
-8.5201724248654787803e1
8.5299988279316078750e1
-8.5398238154292031171e1
8.5496473875621879832e1
-8.5594695445344565728e1
8.5692902865498736133e1
-8.5791096138122744634e1
8.5889275265254651182e1
-8.5987440248932222126e1
8.6085591091192930261e1
-8.6183727794073954868e1
8.6281850359612181757e1
-8.6379958789844203310e1
8.6478053086806318520e1
-8.6576133252534533038e1
8.6674199289064559210e1
-8.6772251198431816125e1
8.6870288982671429652e1
-8.6968312643818232487e1
8.7066322183906764189e1
-8.7164317604971271231e1
8.7262298909045707033e1
-8.7360266098163732010e1
8.7458219174358713613e1
-8.7556158139663726371e1
8.7654082996111551932e1
-8.7751993745734679106e1
8.7849890390565303910e1
-8.7947772932635329605e1
8.8045641373976366742e1
-8.8143495716619733203e1
8.8241335962596454241e1
-8.8339162113937262528e1
8.8436974172672598191e1
-8.8534772140832608857e1
8.8632556020447149694e1
-8.8730325813545783456e1
8.8828081522157780520e1
-8.8925823148312118933e1
8.9023550694037484453e1
-8.9121264161362270588e1
8.9218963552314578642e1
-8.9316648868922217754e1
8.9414320113212704943e1
-8.9511977287213265150e1
8.9609620392950831274e1
-8.9707249432452044224e1
8.9804864407743252953e1
-8.9902465320850514504e1
9.0000052173799594049e1
-9.0097624968615964936e1
9.0195183707324808727e1
-9.0292728391951015240e1
9.0390259024519182593e1
-9.0487775607053617245e1
9.0585278141578334039e1
-9.0682766630117056241e1
9.0780241074693215587e1
-9.0877701477329952320e1
9.0975147840050115235e1
-9.1072580164876261720e1
9.1169998453830657798e1
-9.1267402708935278170e1
9.1364792932211806256e1
-9.1462169125681634235e1
9.1559531291365863091e1
-9.1656879431285302653e1
9.1754213547460471635e1
-9.1851533641911597682e1
9.1948839716658617409e1
-9.2046131773721176443e1
9.2143409815118629467e1
-9.2240673842870040258e1
9.2337923858994181735e1
-9.2435159865509535993e1
9.2532381864434294354e1
-9.2629589857786357401e1
9.2726783847583335022e1
-9.2823963835842546457e1
9.2921129824581020332e1
-9.3018281815815494705e1
9.3115419811562417110e1
-9.3212543813837944594e1
9.3309653824657943762e1
-9.3406749846037990816e1
9.3503831879993371603e1
-9.3600899928539081650e1
9.3697953993689826207e1
-9.3794994077460020293e1
9.3892020181863788734e1
-9.3989032308914966207e1
9.4086030460627097278e1
-9.4183014639013436450e1
9.4279984846086948198e1
-9.4376941083860307017e1
9.4473883354345897458e1
-9.4570811659555814176e1
9.4667726001501861964e1
-9.4764626382195555804e1
9.4861512803648120900e1
-9.4958385267870492725e1
9.5055243776873317062e1
-9.5152088332666950044e1
9.5248918937261458198e1
-9.5345735592666618484e1
9.5442538300891918340e1
-9.5539327063946555721e1
9.5636101883839439141e1
-9.5732862762579187717e1
9.5829609702174131208e1
-9.5926342704632310057e1
9.6023061771961475436e1
-9.6119766906169089281e1
9.6216458109262324343e1
-9.6313135383248064219e1
9.6409798730132903404e1
-9.6506448151923147323e1
9.6603083650624812381e1
-9.6699705228243626000e1
9.6796312886785026660e1
-9.6892906628254163945e1
9.6989486454655898579e1
-9.7086052367994802474e1
9.7182604370275158763e1
-9.7279142463500961852e1
9.7375666649675917454e1
-9.7472176930803442631e1
9.7568673308886665840e1
-9.7665155785928426972e1
9.7761624363931277393e1
-9.7858079044897479984e1
9.7954519830829009189e1
-9.8050946723727551049e1
9.8147359725594503248e1
-9.8243758838430975153e1
9.8340144064237787855e1
-9.8436515405015474215e1
9.8532872862764278897e1
-9.8629216439484158418e1
9.8725546137174781185e1
-9.8821861957835527536e1
9.8918163903465489786e1
-9.9014451976063472262e1
9.9110726177627991351e1
-9.9206986510157275536e1
9.9303232975649265442e1
-9.9399465576101613874e1
9.9495684313511685860e1
-9.9591889189876558693e1
9.9688080207193021970e1
-9.9784257367457577637e1
9.9880420672666440029e1
-9.9976570124815535909e1
1.0007270572590050451e2
-1.0016882747791669759e2
1.0026493538285917944e2
-1.0036102944272272696e2
1.0045710965950182970e2
-1.0055317603519068985e2
1.0064922857178322237e2
-1.0074526727127305493e2
1.0084129213565352805e2
-1.0093730316691769506e2
1.0103330036705832219e2
-1.0112928373806788859e2
1.0122525328193858639e2
-1.0132120900066232072e2
1.0141715089623070977e2
-1.0151307897063508479e2
1.0160899322586649022e2
-1.0170489366391568362e2
1.0180078028677313580e2
-1.0189665309642903081e2
1.0199251209487326601e2
-1.0208835728409545210e2
1.0218418866608491315e2
-1.0228000624283068667e2
1.0237581001632152360e2
-1.0247159998854588844e2
1.0256737616149195918e2
-1.0266313853714762744e2
1.0275888711750049844e2
-1.0285462190453789108e2
1.0295034290024683799e2
-1.0304605010661408553e2
1.0314174352562609385e2
-1.0323742315926903696e2
1.0333308900952880272e2
-1.0342874107839099293e2
1.0352437936784092334e2
-1.0362000387986362368e2
1.0371561461644383776e2
-1.0381121157956602345e2
1.0390679477121435274e2
-1.0400236419337271179e2
1.0409791984802470097e2
-1.0419346173715363489e2
1.0428898986274254247e2
-1.0438450422677416692e2
1.0448000483123096585e2
-1.0457549167809511128e2
1.0467096476934848968e2
-1.0476642410697270200e2
1.0486186969294906374e2
-1.0495730152925860499e2
1.0505271961788207041e2
-1.0514812396079991938e2
1.0524351455999232592e2
-1.0533889141743917885e2
1.0543425453512008172e2
-1.0552960391501435293e2
1.0562493955910102574e2
-1.0572026146935884831e2
1.0581556964776628376e2
-1.0591086409630151018e2
1.0600614481694242069e2
-1.0610141181166662350e2
1.0619666508245144190e2
-1.0629190463127391436e2
1.0638713046011079451e2
-1.0648234257093855125e2
1.0657754096573336874e2
-1.0667272564647114644e2
1.0676789661512749918e2
-1.0686305387367775719e2
1.0695819742409696615e2
-1.0705332726835988718e2
1.0714844340844099696e2
-1.0724354584631448772e2
1.0733863458395426728e2
-1.0743370962333395911e2
1.0752877096642690239e2
-1.0762381861520615198e2
1.0771885257164447854e2
-1.0781387283771436852e2
1.0790887941538802423e2
-1.0800387230663736387e2
1.0809885151343402155e2
-1.0819381703774934738e2
1.0828876888155440745e2
-1.0838370704681998393e2
1.0847863153551657508e2
-1.0857354234961439528e2
1.0866843949108337509e2
-1.0876332296189316130e2
1.0885819276401311695e2
-1.0895304889941232136e2
1.0904789137005957022e2
-1.0914272017792337557e2
1.0923753532497196590e2
-1.0933233681317328615e2
1.0942712464449499774e2
-1.0952189882090447867e2
1.0961665934436882350e2
-1.0971140621685484342e2
1.0980613944032906630e2
-1.0990085901675773669e2
1.0999556494810681591e2
-1.1009025723634198206e2
1.1018493588342863007e2
-1.1027960089133187173e2
1.1037425226201653576e2
-1.1046888999744716782e2
1.1056351409958803056e2
-1.1065812457040310367e2
1.1075272141185608390e2
-1.1084730462591038514e2
1.1094187421452913840e2
-1.1103643017967519193e2
1.1113097252331111117e2
-1.1122550124739917887e2
1.1132001635390139509e2
-1.1141451784477947724e2
1.1150900572199486014e2
-1.1160347998750869605e2
1.1169794064328185470e2
-1.1179238769127492335e2
1.1188682113344820683e2
-1.1198124097176172755e2
1.1207564720817522560e2
-1.1217003984464815871e2
1.1226441888313970238e2
-1.1235878432560874984e2
1.1245313617401391214e2
-1.1254747443031351819e2
1.1264179909646561476e2
-1.1273611017442796657e2
1.1283040766615805630e2
-1.1292469157361308465e2
1.1301896189874997036e2
-1.1311321864352535026e2
1.1320746180989557931e2
-1.1330169139981673066e2
1.1339590741524459565e2
-1.1349010985813468389e2
1.1358429873044222327e2
-1.1367847403412216002e2
1.1377263577112915876e2
-1.1386678394341760249e2
1.1396091855294159271e2
-1.1405503960165494939e2
1.1414914709151121103e2
-1.1424324102446363473e2
1.1433732140246519620e2
-1.1443138822746858980e2
1.1452544150142622860e2
-1.1461948122629024441e2
1.1471350740401248781e2
-1.1480752003654452822e2
1.1490151912583765390e2
-1.1499550467384287202e2
1.1508947668251090871e2
-1.1518343515379220905e2
1.1527738008963693716e2
-1.1537131149199497624e2
1.1546522936281592856e2
-1.1555913370404911557e2
1.1565302451764357789e2
-1.1574690180554807535e2
1.1584076556971108707e2
-1.1593461581208081146e2
1.1602845253460516630e2
-1.1612227573923178874e2
1.1621608542790803535e2
-1.1630988160258098218e2
1.1640366426519742480e2
-1.1649743341770387830e2
1.1659118906204657739e2
-1.1668493120017147640e2
1.1677865983402424931e2
-1.1687237496555028983e2
1.1696607659669471144e2
-1.1705976472940234737e2
1.1715343936561775070e2
-1.1724710050728519440e2
1.1734074815634867133e2
-1.1743438231475189431e2
1.1752800298443829616e2
-1.1762161016735102971e2
1.1771520386543296790e2
-1.1780878408062670375e2
1.1790235081487455046e2
-1.1799590407011854141e2
1.1808944384830043022e2
-1.1818297015136169079e2
1.1827648298124351732e2
-1.1836998233988682439e2
1.1846346822923224697e2
-1.1855694065122014044e2
1.1865039960779058069e2
-1.1874384510088336412e2
1.1883727713243800767e2
-1.1893069570439374889e2
1.1902410081868954598e2
-1.1911749247726407780e2
1.1921087068205574394e2
-1.1930423543500266473e2
1.1939758673804268132e2
-1.1949092459311335570e2
1.1958424900215197072e2
-1.1967755996709553016e2
