6 6
1.074076e-01	-2.903831e-02	-4.964073e-01	1.329409e-01	6.702205e-02	-1.765374e-01	
-3.720554e-02	-4.036856e-01	2.167944e-01	-3.428975e-01	6.494187e-02	2.187905e-01	
-5.003751e-01	2.061558e-01	5.735335e-02	1.339595e-01	-2.666491e-01	-2.913828e-01	
1.783481e-01	-3.481924e-01	7.224002e-02	2.710092e-01	-3.076274e-01	7.700175e-02	
2.418885e-02	7.258480e-02	-2.071417e-01	-3.223505e-01	1.094556e-01	-2.460332e-01	
-1.282243e-01	2.195440e-01	-3.539491e-01	4.149087e-02	-1.968699e-01	4.428570e-01	
6 1
6.067839e-01	
-4.139868e-01	
9.577690e-01	
-6.266790e-01	
-0.000000e+00	
4.139898e-02	
3 6
3.441636e-01	-7.920405e-01	-2.216354e+00	1.091973e+00	-0.000000e+00	-5.651908e-01	
-1.451097e+00	0.000000e+00	-1.007842e+00	3.880409e-02	-6.361934e-02	4.559209e-01	
9.068832e-03	7.641716e-01	0.000000e+00	-0.000000e+00	1.535491e+00	-1.270466e+00	
3 1
8.817813e-01	
-0.000000e+00	
-8.176079e-02	
1 1
3.777582e+00	
6 6
-2.151538e-01	-3.855133e-02	-8.592330e-02	3.294177e-01	-2.255943e-01	-1.800902e-01	
-2.986297e-01	-1.038381e-01	1.430828e-01	6.071957e-03	7.104475e-02	-2.432553e-01	
-2.653132e-02	-2.576866e-01	-2.942147e-01	1.132158e-01	2.907463e-01	1.876458e-01	
-8.751336e-02	-5.685946e-02	2.929010e-01	-7.778254e-03	-1.649975e-01	2.201797e-01	
2.762151e-01	2.468039e-01	-8.999519e-02	2.246608e-01	-9.009741e-02	-2.063780e-02	
-1.639308e-01	2.046364e-01	-2.791466e-01	-2.329596e-02	-1.688393e-01	2.097063e-02	
6 1
1.093876e+00	
-1.305047e-01	
-0.000000e+00	
-1.486919e+00	
-9.798029e-02	
0.000000e+00	
3 6
-0.000000e+00	-1.038974e+00	-2.729174e+00	-5.412170e-01	-0.000000e+00	5.784211e-01	
9.270375e-01	-0.000000e+00	0.000000e+00	0.000000e+00	-3.364684e-01	-0.000000e+00	
-3.321179e-01	0.000000e+00	-6.511872e-01	-1.460926e-01	1.340132e+00	3.695193e-01	
3 1
7.265711e-01	
-2.017936e-01	
-0.000000e+00	
1 1
5.783748e+00	
6 6
-1.052065e-01	3.812672e-04	-7.191492e-02	-1.358169e-01	2.849803e-01	-1.027046e-01	
-2.037582e-01	5.651692e-02	-6.822709e-03	-1.135350e-01	-1.767913e-01	-4.924280e-02	
3.958669e-02	1.405031e-01	6.366182e-02	1.055065e-01	2.564844e-01	3.988989e-04	
-1.916862e-01	-1.264578e-01	7.224447e-02	-2.656190e-01	-1.014442e-02	-1.184218e-01	
-1.236534e-01	2.284608e-01	-2.597733e-01	1.266338e-01	2.512324e-02	-3.291978e-01	
1.423442e-01	1.438679e-02	1.424940e-01	-1.165200e-01	2.846363e-01	-5.116216e-02	
6 1
-4.371732e-01	
1.693219e-02	
0.000000e+00	
5.349663e-01	
3.013516e-01	
0.000000e+00	
3 6
1.716610e+00	1.351815e-02	5.767081e-01	1.856442e-01	-6.230396e-02	-1.224178e-01	
-1.109394e-01	3.119937e+00	-0.000000e+00	-5.664137e-01	-2.557988e+00	9.727019e-01	
8.101472e-01	-3.221238e-02	-0.000000e+00	0.000000e+00	-9.018875e-01	1.379808e+00	
3 1
2.876876e-01	
0.000000e+00	
0.000000e+00	
1 1
5.583172e+00	
6 6
-4.068378e-01	-1.526954e-01	-2.387606e-01	-3.053955e-01	1.729402e-01	9.079654e-02	
2.062676e-02	-5.791696e-01	-4.134524e-02	1.695709e-01	-2.019933e-02	-1.618199e-01	
3.539709e-01	-1.297736e-03	-6.475000e-01	3.823445e-01	1.083331e-01	-1.979359e-01	
-6.516740e-02	-1.263713e-01	-5.109878e-01	-5.440828e-01	-1.342552e-01	-1.026126e-01	
2.068862e-01	-1.120526e-01	-4.648722e-02	-1.334162e-01	-4.325417e-01	1.211625e-01	
1.974124e-01	-7.509872e-02	2.033221e-02	1.545022e-01	1.729803e-01	-1.161573e-01	
6 1
3.075755e-01	
-1.629345e+00	
7.231556e-01	
-5.668617e-02	
1.195654e+00	
1.780016e+00	
3 6
0.000000e+00	1.717505e+00	-5.914782e-01	0.000000e+00	-1.846073e+00	0.000000e+00	
0.000000e+00	-1.379545e-01	2.704797e+00	0.000000e+00	1.133988e-01	-1.270745e+00	
1.056700e+00	-2.876020e+00	-1.113211e+00	-4.391750e-01	1.007648e+00	-6.116758e-01	
3 1
6.173885e-01	
-1.438179e+00	
1.952592e+00	
1 1
2.096884e+00	
6 6
-5.480747e-01	2.057750e-01	-2.313987e-01	-1.171039e-01	-1.829808e-01	4.940410e-02	
-1.041960e-01	-5.177744e-01	-1.424120e-04	-1.081605e-01	-1.959385e-01	1.452539e-01	
7.114388e-03	-6.809630e-02	-6.453578e-01	-2.183800e-01	7.074645e-02	-2.408358e-01	
-1.264539e-01	-2.072003e-02	2.146262e-01	-4.423697e-01	1.166996e-01	-2.918124e-01	
1.673936e-01	1.190857e-01	-4.401240e-03	-6.848267e-02	-5.081166e-01	-2.090200e-01	
-3.010085e-01	-1.430207e-01	-1.255202e-01	2.889046e-01	-1.014574e-02	-4.983499e-01	
6 1
3.386972e-01	
6.440605e-01	
-1.384912e-01	
1.428341e-01	
-0.000000e+00	
-0.000000e+00	
3 6
-9.641941e-01	-1.044090e+00	-2.570033e-02	1.991505e-01	-0.000000e+00	3.822269e-01	
-5.101257e-01	1.390454e+00	-6.152138e-01	-1.133785e+00	7.690160e-01	1.677258e-01	
0.000000e+00	6.771094e-01	-1.557995e+00	-1.622969e+00	-0.000000e+00	0.000000e+00	
3 1
0.000000e+00	
-1.178895e+00	
-0.000000e+00	
1 1
2.604837e+00	
6 6
3.003352e-01	-2.866447e-02	3.814216e-01	1.492568e-01	-3.710536e-01	1.883299e-01	
-4.179129e-01	5.267030e-01	-1.892789e-01	-2.181260e-01	-7.536927e-02	1.016263e-01	
-4.828274e-02	-4.831777e-01	8.135860e-02	-3.151989e-01	-8.302538e-02	9.665031e-02	
-2.843892e-01	-1.164152e-01	2.280329e-01	-1.026660e-01	-3.170217e-01	-2.346625e-02	
-2.857472e-01	1.104178e-01	2.946983e-01	2.513417e-01	1.166767e-01	-2.556615e-01	
-4.711194e-02	-1.184828e-01	1.766967e-01	1.228929e-01	2.418032e-01	4.412523e-01	
6 1
-0.000000e+00	
-1.502202e+00	
1.171169e+00	
-0.000000e+00	
7.382859e-01	
0.000000e+00	
3 6
8.393838e-01	7.552665e-01	-0.000000e+00	7.737528e-01	1.484742e-01	2.871995e-01	
-4.475025e-01	-0.000000e+00	-7.524645e-01	-1.458022e+00	0.000000e+00	6.149602e-01	
-1.145384e+00	-1.065936e+00	-1.704120e-01	-2.541779e-01	-6.042297e-01	0.000000e+00	
3 1
9.792027e-01	
-0.000000e+00	
1.280064e+00	
1 1
9.818846e+00	
6 6
-4.804811e-01	-3.114394e-01	-4.261569e-03	-9.908082e-04	1.302259e-01	1.118545e-01	
-3.948028e-02	-5.038697e-01	3.652013e-02	-2.802350e-01	1.404501e-01	-1.261405e-01	
3.278481e-01	5.696586e-02	-3.829884e-01	-4.644519e-02	7.377116e-02	8.082484e-03	
-6.317793e-02	-7.150915e-02	2.223066e-01	-5.223670e-01	-1.560708e-01	-1.506851e-01	
-1.122785e-01	1.031371e-01	2.401958e-01	9.470126e-02	-2.974340e-01	1.066864e-01	
2.903300e-02	-3.273011e-02	9.963917e-02	-1.262190e-01	-1.865551e-01	-2.441695e-01	
6 1
1.292291e+00	
-1.132040e+00	
2.870250e-01	
-1.119149e-01	
0.000000e+00	
-0.000000e+00	
3 6
-0.000000e+00	5.686252e-01	2.095042e-01	-3.830701e-01	-9.571683e-01	-1.171750e+00	
-0.000000e+00	-3.208794e-02	1.365618e+00	6.219009e-01	8.765231e-01	-1.744756e-01	
0.000000e+00	-7.797825e-01	4.433014e-01	1.698315e+00	0.000000e+00	-1.269138e+00	
3 1
-2.066674e+00	
0.000000e+00	
4.624243e-01	
1 1
8.746921e+00	
6 6
8.583019e-02	1.565731e-01	3.011868e-01	-1.066175e-01	2.389927e-01	3.344060e-01	
1.565731e-01	-7.539535e-02	-4.176035e-02	-1.110919e-01	1.114121e-01	1.622941e-01	
3.011868e-01	-4.176035e-02	4.986561e-01	5.988653e-02	1.683340e-01	-1.757974e-02	
-1.066175e-01	-1.110919e-01	5.988653e-02	-3.841404e-01	-3.384184e-02	-2.600677e-01	
2.389927e-01	1.114121e-01	1.683340e-01	-3.384184e-02	4.602557e-02	-3.353306e-01	
3.344060e-01	1.622941e-01	-1.757974e-02	-2.600677e-01	-3.353306e-01	4.654664e-01	
6 1
-1.064762e+00	
0.000000e+00	
6.457624e-01	
-1.371814e+00	
6.179923e-01	
0.000000e+00	
3 6
1.809327e+00	-7.629919e-01	2.307021e-01	-8.704600e-01	-4.263938e-01	-8.453777e-01	
0.000000e+00	-7.131029e-01	-0.000000e+00	1.623667e-01	-0.000000e+00	1.529754e+00	
6.631143e-01	7.540651e-01	9.262591e-01	0.000000e+00	8.435552e-01	-5.354056e-01	
3 1
-0.000000e+00	
-0.000000e+00	
-7.924412e-01	
1 1
1.353506e-01	
6 6
4.844581e-01	1.937476e-01	-1.328113e-01	4.173718e-02	-3.485940e-01	-3.938179e-01	
1.321553e-01	8.840954e-02	1.043092e-01	6.342080e-03	2.346569e-01	-5.005832e-01	
-2.190417e-01	1.030263e-02	2.793769e-01	1.402685e-01	4.836111e-02	-5.201487e-01	
3.808520e-02	-2.931141e-02	3.982176e-02	6.898207e-02	-7.095043e-01	4.108709e-02	
-5.158964e-01	-1.784133e-01	-3.346922e-01	-4.593245e-01	-8.160462e-02	-2.479303e-01	
2.203122e-02	-5.135157e-01	-4.455673e-01	5.258739e-01	1.144395e-02	4.458328e-03	
6 1
2.500943e+00	
1.031762e-01	
0.000000e+00	
-4.828111e-01	
-0.000000e+00	
5.004755e-01	
3 6
-1.356617e-01	8.328705e-01	1.300528e+00	0.000000e+00	-0.000000e+00	1.611945e-01	
4.397908e-01	-0.000000e+00	6.057620e-03	-1.730983e-01	0.000000e+00	5.415225e-01	
-0.000000e+00	-1.109596e+00	1.842370e+00	-0.000000e+00	2.455037e-01	5.944587e-01	
3 1
0.000000e+00	
-5.907825e-01	
-5.455109e-01	
1 1
1.926169e+00	
6 6
2.202913e-01	4.397406e-01	1.153194e-01	-1.453889e-01	-8.164768e-02	-2.903346e-03	
4.238472e-01	4.410545e-01	1.396069e-01	9.282372e-02	-4.598678e-02	3.113078e-02	
1.585494e-01	1.065160e-01	1.283162e-01	1.208057e-01	3.105341e-01	-2.338198e-01	
-7.455130e-02	6.581009e-02	3.156200e-02	-5.118228e-02	2.097873e-01	-2.478168e-01	
-1.551873e-01	1.612230e-02	2.970058e-01	1.375538e-01	8.858396e-02	-2.597355e-01	
7.597218e-03	3.909361e-02	-2.831668e-01	-2.303034e-01	-2.229704e-01	3.459577e-01	
6 1
0.000000e+00	
-0.000000e+00	
1.769146e+00	
0.000000e+00	
-1.361046e+00	
5.502000e-02	
3 6
3.389741e-01	6.326212e-01	4.324321e-01	0.000000e+00	8.573101e-01	0.000000e+00	
-0.000000e+00	-0.000000e+00	-1.109847e+00	0.000000e+00	-2.069659e+00	-0.000000e+00	
3.583761e-01	7.625456e-02	9.734082e-01	-8.689780e-01	-0.000000e+00	0.000000e+00	
3 1
0.000000e+00	
0.000000e+00	
1.200315e+00	
1 1
4.167118e-01	
6 6
3.603186e-02	-1.732814e-01	1.446716e-01	2.270175e-01	-2.522847e-01	-7.646693e-02	
-7.640979e-02	1.561220e-01	2.180398e-01	-1.559531e-01	-1.361208e-02	8.168173e-02	
1.434388e-01	-6.581186e-02	-3.096101e-02	-4.509118e-01	-7.165629e-02	3.343890e-02	
1.074652e-02	4.068573e-02	-3.216597e-01	1.056952e-01	4.159615e-02	4.304810e-01	
1.736805e-02	2.176382e-01	1.967412e-01	-8.854749e-02	1.811936e-01	7.920104e-02	
-3.809957e-01	3.433706e-02	1.543917e-01	7.252261e-02	1.726002e-01	8.611338e-02	
6 1
-5.332707e-02	
6.163387e-01	
1.395118e+00	
4.283153e-01	
4.380665e-01	
-1.505171e-01	
3 6
2.211868e-01	-0.000000e+00	-3.621034e-01	4.651599e-01	1.117345e+00	6.922505e-01	
-7.456771e-01	1.148510e+00	-0.000000e+00	-1.856257e+00	0.000000e+00	-8.848088e-01	
8.788205e-01	5.119605e-01	0.000000e+00	-0.000000e+00	1.319886e+00	-1.129979e+00	
3 1
-1.197144e+00	
-1.118648e+00	
-1.241308e+00	
1 1
5.328086e+00	
6 6
-4.905573e-01	-1.461673e-01	8.065527e-02	-2.084024e-01	-1.750643e-02	-1.109783e-01	
-1.568196e-01	-2.986483e-01	5.964371e-02	6.020061e-02	-1.747966e-01	5.382022e-02	
6.096756e-02	6.260473e-02	-4.826321e-01	-6.175284e-02	1.037313e-01	1.509021e-01	
-1.993005e-01	3.295432e-02	-6.978448e-02	-3.933857e-01	-4.746296e-02	-2.394989e-01	
-1.970678e-02	-1.819576e-01	1.050183e-01	-5.748064e-02	-6.249181e-01	-1.286991e-01	
-1.245227e-01	7.579950e-02	1.379133e-01	-2.260882e-01	-1.432480e-01	-3.901875e-01	
6 1
-2.884399e+00	
-8.287323e-01	
-0.000000e+00	
-7.232345e-01	
2.467504e+00	
-0.000000e+00	
3 6
-2.393916e-01	-0.000000e+00	2.140965e+00	6.296221e-01	8.568091e-01	-3.358190e-01	
7.944537e-01	1.092872e-01	-3.691479e-01	3.170624e-02	4.888836e-02	0.000000e+00	
-1.793378e-02	-7.134773e-02	8.434936e-01	0.000000e+00	3.318623e-01	-0.000000e+00	
3 1
3.381370e-01	
-0.000000e+00	
-0.000000e+00	
1 1
1.956357e+00	
6 6
3.600065e-01	-1.369196e-01	-1.889205e-01	4.228494e-01	3.940036e-02	1.604519e-01	
2.507267e-01	4.687022e-01	9.323259e-02	-1.495006e-01	-7.349654e-02	3.522232e-01	
4.119113e-01	-5.831026e-02	3.842854e-01	-5.570266e-02	-1.001215e-01	1.223219e-02	
-7.972566e-02	1.641461e-01	3.121445e-01	4.211452e-01	-3.579304e-01	-2.596614e-01	
-8.326817e-02	4.169662e-01	8.941172e-02	4.938764e-02	4.625707e-01	-1.321502e-01	
-1.212938e-01	-2.043944e-02	1.911434e-01	3.458014e-01	2.521884e-01	3.678507e-01	
6 1
-0.000000e+00	
-2.552224e-01	
-1.852707e-01	
1.288909e+00	
6.042123e-01	
1.105832e+00	
3 6
-4.660184e-01	-2.609529e-01	-4.570374e-01	1.876873e+00	7.940106e-01	-8.018414e-02	
-2.410421e-01	0.000000e+00	-5.105375e-01	1.011732e+00	-1.781999e+00	0.000000e+00	
1.053794e+00	-1.194573e+00	0.000000e+00	-4.276039e-01	-6.952395e-01	-5.182040e-01	
3 1
0.000000e+00	
4.401379e-01	
0.000000e+00	
1 1
7.650267e+00	
6 6
-1.562028e-01	-2.644019e-01	3.366870e-01	2.508361e-01	1.564274e-01	7.716542e-02	
-3.539885e-01	-4.010340e-01	-2.694968e-01	5.631367e-02	3.205005e-02	1.660122e-01	
3.640402e-01	-3.079487e-01	6.076295e-01	5.992075e-02	8.182170e-02	1.151394e-01	
8.309911e-02	1.210920e-01	1.121375e-01	-3.306832e-01	2.499115e-01	5.721981e-02	
-7.408869e-02	-5.279912e-02	2.066696e-01	-7.563748e-02	-2.232839e-01	-2.102551e-01	
7.988481e-02	2.179518e-01	9.811355e-02	1.564351e-01	-7.918421e-02	-6.054723e-01	
6 1
-0.000000e+00	
-4.380217e-01	
-2.000066e+00	
-3.124940e-01	
3.393141e-01	
0.000000e+00	
3 6
7.680546e-01	1.660617e-01	-0.000000e+00	1.159861e+00	-5.332712e-01	-5.901288e-01	
-1.181745e+00	1.329137e+00	1.525395e+00	-1.254721e+00	0.000000e+00	0.000000e+00	
4.817132e-01	1.435389e+00	-0.000000e+00	-1.887903e+00	-0.000000e+00	-1.081020e-01	
3 1
-1.464022e+00	
-0.000000e+00	
0.000000e+00	
1 1
6.508091e+00	
6 6
3.583730e-01	-4.661999e-01	-1.354169e-01	-7.067048e-02	-9.564571e-02	-2.958791e-01	
-5.325797e-01	8.447143e-02	-2.826430e-02	4.644038e-02	-5.207219e-01	-5.255219e-02	
-1.763690e-01	-7.075998e-02	3.996562e-01	-1.596950e-01	3.314427e-01	1.290307e-01	
-9.652005e-03	-4.299565e-02	-2.539348e-01	6.477698e-01	3.503077e-02	2.511085e-01	
-7.584237e-02	-5.758813e-01	2.847349e-01	5.905332e-02	1.990787e-01	1.305603e-01	
1.295167e-01	-6.835551e-02	-1.530530e-01	-3.075167e-01	-2.182151e-01	5.988348e-01	
6 1
-1.495186e-01	
1.352706e+00	
-4.064149e-02	
-0.000000e+00	
-0.000000e+00	
1.224906e-01	
3 6
-1.577957e+00	-3.506407e-01	1.051337e+00	-3.131078e-01	0.000000e+00	2.527047e-01	
8.744492e-01	-0.000000e+00	-8.446451e-01	-0.000000e+00	2.573253e-01	-5.119696e-01	
-0.000000e+00	7.838450e-01	3.334450e-01	0.000000e+00	-2.748579e+00	0.000000e+00	
3 1
1.069033e-01	
-8.696987e-02	
0.000000e+00	
1 1
3.078717e+00	
6 6
2.473771e-01	1.679771e-01	1.019281e-01	2.009720e-02	8.786231e-02	-2.397499e-01	
1.308744e-01	3.616584e-01	7.849552e-02	-2.255507e-01	-3.681281e-02	-2.447371e-01	
2.620011e-02	1.371327e-01	1.520280e-01	-1.669048e-01	1.941617e-01	-9.265560e-02	
-3.830836e-02	-1.944331e-01	-2.338038e-01	3.133380e-01	-7.105281e-02	8.247278e-02	
1.046503e-01	-6.313320e-02	1.332772e-01	-1.067746e-01	2.352319e-01	-1.604571e-01	
-2.719845e-01	-2.158761e-01	-6.822712e-02	1.234959e-01	-1.342585e-01	1.891209e-01	
6 1
-1.176793e+00	
1.102878e+00	
-1.498176e+00	
-2.226293e-01	
0.000000e+00	
-5.273313e-01	
3 6
-2.093391e-01	-1.818134e-01	5.120732e-01	0.000000e+00	5.861634e-01	5.780483e-01	
-5.370752e-02	-9.959960e-02	1.070080e+00	5.798866e-02	2.947996e+00	0.000000e+00	
1.708651e+00	-1.242832e+00	9.973578e-01	-0.000000e+00	5.865354e-04	0.000000e+00	
3 1
1.033591e+00	
-0.000000e+00	
0.000000e+00	
1 1
6.002008e+00	
6 6
-2.583442e-01	1.265928e-01	3.402850e-01	1.994576e-01	2.883205e-01	2.076630e-01	
-2.069696e-01	3.895777e-02	-1.290809e-01	3.101408e-01	-2.310963e-01	8.806848e-02	
1.431454e-01	3.025417e-01	-2.503205e-01	-1.173383e-01	2.669083e-01	5.117575e-02	
4.371367e-01	1.742972e-01	1.099280e-01	-2.857429e-01	-2.761659e-01	5.159926e-02	
-2.055382e-01	2.168162e-01	-1.074123e-01	-3.942004e-01	-2.201734e-01	1.684438e-01	
-3.455553e-02	1.786091e-01	-2.087392e-01	8.572855e-02	-2.276016e-02	-1.967652e-01	
6 1
1.659190e+00	
-1.744583e-01	
-2.065466e+00	
-8.429144e-01	
-4.360959e-01	
6.588610e-01	
3 6
-0.000000e+00	8.690547e-01	3.580013e-01	0.000000e+00	-8.037214e-01	-0.000000e+00	
-0.000000e+00	0.000000e+00	2.470840e-01	-1.004446e+00	1.703833e+00	-0.000000e+00	
-1.045992e+00	1.305433e+00	-0.000000e+00	-0.000000e+00	2.306717e+00	0.000000e+00	
3 1
7.785048e-01	
0.000000e+00	
-8.916830e-01	
1 1
2.656450e+00	
6 6
7.010899e-02	3.824128e-01	1.338253e-01	1.340179e-01	3.872523e-01	1.329236e-01	
-3.125688e-01	-6.293569e-02	1.455561e-01	-1.640534e-01	-2.979262e-01	4.369975e-01	
-2.800578e-01	-1.303865e-01	-1.972042e-01	1.854593e-01	1.455851e-01	4.023257e-01	
1.914851e-01	-9.355267e-02	2.046273e-01	-4.840886e-01	-1.579712e-02	-2.862579e-02	
1.479980e-01	-5.058115e-04	4.177042e-01	-6.466101e-02	-4.361053e-02	2.443046e-01	
3.391771e-01	-5.035213e-01	-2.396753e-01	7.006743e-02	8.788702e-03	1.028706e-01	
6 1
3.900257e-01	
-1.388213e+00	
1.376654e+00	
-0.000000e+00	
-1.355672e+00	
2.576532e-01	
3 6
5.995947e-01	-4.743696e-01	-1.547181e-01	-0.000000e+00	-9.492265e-01	4.083094e-01	
1.366026e+00	-3.739909e-01	-0.000000e+00	-0.000000e+00	-7.100206e-01	1.328882e+00	
0.000000e+00	-0.000000e+00	1.045834e+00	-1.751540e-01	-8.167315e-03	-3.769021e-01	
3 1
3.185046e-01	
-2.507119e+00	
-1.587017e+00	
1 1
9.253053e+00	
6 6
-1.202156e-01	3.196472e-02	-6.125083e-01	-9.006791e-02	1.453970e-01	-1.154117e-01	
-1.482531e-01	-2.320146e-01	1.239978e-02	5.324621e-01	1.986854e-01	-1.004860e-01	
1.614584e-01	-5.523524e-01	3.302501e-02	-3.475588e-01	3.550953e-01	2.269118e-01	
3.140889e-01	7.468743e-02	3.518944e-01	1.306641e-01	4.885455e-01	1.648051e-01	
5.119575e-01	9.572895e-02	-3.514442e-01	-2.116715e-01	-5.003711e-02	1.179126e-01	
9.980231e-02	-1.853773e-01	-8.293264e-02	-1.914865e-01	1.676311e-01	-4.788010e-01	
6 1
-5.730728e-01	
1.180276e+00	
1.436833e+00	
1.257765e+00	
8.331298e-01	
8.697338e-01	
3 6
0.000000e+00	-9.352914e-01	-1.678754e+00	9.057745e-01	-9.344285e-01	0.000000e+00	
-9.148027e-01	1.226667e+00	3.149749e-01	-3.605835e-01	0.000000e+00	7.007977e-01	
0.000000e+00	1.738585e+00	-0.000000e+00	-2.032465e+00	-1.559276e-01	-2.149775e-01	
3 1
0.000000e+00	
-0.000000e+00	
-0.000000e+00	
1 1
5.481012e+00	
6 6
5.395186e-02	4.033280e-01	-1.110734e-01	-1.718337e-01	-1.302564e-01	3.397970e-02	
1.049251e-01	4.873100e-03	-1.186140e-01	-3.374464e-01	-3.425783e-01	9.924936e-02	
-2.901617e-03	1.763262e-01	4.439765e-01	-6.564579e-02	-4.412071e-03	4.263955e-01	
-3.611106e-01	-2.603508e-01	1.389531e-01	5.060414e-01	9.701090e-02	2.425576e-01	
1.709730e-01	-2.153682e-02	2.313101e-01	2.885235e-01	-1.025377e-01	3.845747e-02	
2.280539e-01	6.440649e-02	3.435439e-01	-2.340611e-01	1.554592e-01	4.642425e-01	
6 1
1.352521e+00	
-0.000000e+00	
6.168799e-01	
0.000000e+00	
8.354219e-01	
0.000000e+00	
3 6
0.000000e+00	0.000000e+00	3.321195e-01	-0.000000e+00	-1.263077e-01	-7.706190e-01	
-0.000000e+00	-7.795639e-01	5.456589e-02	3.950887e-01	-1.423794e-02	0.000000e+00	
6.130247e-01	-0.000000e+00	4.913089e-02	-9.669739e-01	-1.116238e+00	2.505472e+00	
3 1
-0.000000e+00	
7.986189e-01	
0.000000e+00	
1 1
8.274772e-01	
6 6
-5.032464e-01	8.851047e-02	1.465718e-01	-9.451088e-02	-8.076903e-02	-8.589811e-02	
3.100637e-02	-3.972041e-01	8.654824e-02	2.920332e-02	8.127528e-02	8.051237e-02	
1.950257e-01	2.038983e-03	-6.362392e-01	7.128453e-02	-3.913088e-02	1.164277e-01	
-5.232782e-02	5.098364e-02	-9.061058e-03	-3.789563e-01	8.379446e-02	-1.397826e-01	
-4.365605e-02	6.899682e-02	-8.332687e-02	1.068585e-01	-4.837700e-01	-2.057909e-02	
9.225697e-02	8.482091e-02	-1.490233e-01	-7.546495e-02	-6.140007e-02	-7.034052e-01	
6 1
7.827327e-01	
-7.948140e-01	
2.887509e-01	
0.000000e+00	
9.133809e-01	
-2.373624e-01	
3 6
0.000000e+00	-7.594456e-01	-1.179277e-01	-1.167169e+00	-1.749818e+00	2.248072e+00	
-1.766966e+00	0.000000e+00	-6.581564e-01	4.653150e-02	-1.224241e+00	-8.946015e-01	
4.856777e-01	7.003209e-01	-1.116418e+00	4.344898e-01	1.054183e+00	6.996113e-01	
3 1
-0.000000e+00	
-0.000000e+00	
6.272166e-01	
1 1
1.974451e-01	
6 6
9.871996e-02	-2.939834e-02	3.253006e-01	3.117753e-01	-2.940942e-01	6.899066e-02	
-3.381222e-01	-1.140338e-01	1.215313e-01	4.084566e-02	-4.784438e-01	-5.707702e-02	
2.497971e-01	3.607413e-01	7.343180e-02	5.859701e-02	-1.171180e-01	4.199315e-03	
2.467515e-01	2.934079e-01	6.998250e-02	1.411489e-01	-1.452775e-01	-2.407849e-02	
1.568220e-01	-3.679623e-01	2.592877e-01	2.468799e-01	2.792896e-01	2.574587e-01	
1.814803e-01	1.022156e-01	1.303178e-01	1.014980e-01	6.505496e-02	7.310009e-02	
6 1
8.014370e-01	
-1.216029e+00	
-0.000000e+00	
-1.247313e+00	
7.492096e-01	
-9.593200e-01	
3 6
-0.000000e+00	6.020915e-01	-3.042937e-01	-5.243710e-01	9.592181e-01	4.933092e-01	
-1.726216e+00	-0.000000e+00	0.000000e+00	-4.238821e-01	-0.000000e+00	2.157849e+00	
-1.053558e+00	1.112705e+00	-6.221276e-01	2.607749e-01	8.939342e-01	1.767018e-02	
3 1
-1.550079e+00	
-5.055182e-01	
-0.000000e+00	
1 1
1.370519e+00	
6 6
3.825333e-01	-2.025529e-01	-2.693969e-01	1.084093e-01	1.348756e-01	2.847803e-02	
-1.066167e-01	3.418902e-01	1.101021e-02	-1.451322e-01	-2.185188e-01	-1.705606e-02	
3.409573e-01	-1.490267e-01	4.623051e-01	-5.391810e-02	-3.294028e-01	3.027195e-01	
-7.302580e-02	-7.825016e-02	6.892835e-02	3.702405e-01	1.083903e-01	-1.230323e-01	
-1.026726e-01	-3.220173e-02	4.596941e-01	-7.836669e-02	5.296190e-01	9.645261e-04	
2.939291e-02	-1.009773e-01	-2.296683e-01	3.504220e-02	2.069856e-01	5.169726e-01	
6 1
-1.229763e-01	
9.275214e-01	
6.934537e-01	
-0.000000e+00	
2.639676e-02	
0.000000e+00	
3 6
1.816258e+00	0.000000e+00	2.077319e+00	8.765521e-01	4.297022e-01	-0.000000e+00	
-9.592744e-01	0.000000e+00	-1.880101e+00	0.000000e+00	-1.041496e+00	-7.740538e-01	
-6.793780e-01	5.759416e-01	-1.590591e-01	-0.000000e+00	-0.000000e+00	8.129206e-01	
3 1
3.384456e-01	
0.000000e+00	
6.640173e-01	
1 1
7.458773e+00	
6 6
3.959531e-02	2.136218e-01	-2.344959e-01	-1.492840e-01	-3.336623e-02	1.255913e-01	
2.344855e-01	5.633241e-01	-3.737083e-02	-1.939022e-01	-4.463998e-02	-2.804757e-04	
-2.011723e-01	4.422345e-02	-7.458971e-02	-2.293364e-03	-2.403061e-01	3.099004e-01	
-9.396706e-02	-5.000818e-02	1.119956e-02	2.547143e-01	-3.251275e-01	2.373032e-01	
-1.025867e-01	-2.006480e-01	-2.187734e-01	-2.613555e-01	3.151381e-01	-2.547540e-02	
1.580734e-01	7.496971e-02	3.030585e-01	2.127934e-01	-3.225213e-02	-7.267966e-02	
6 1
1.230885e-01	
-0.000000e+00	
-3.078693e-01	
0.000000e+00	
7.356875e-01	
1.505538e+00	
3 6
-1.662163e-01	1.415030e+00	-9.100783e-01	1.497703e+00	-1.159218e+00	0.000000e+00	
1.067040e-02	8.887014e-01	2.949937e-01	1.280831e+00	3.606344e-01	-7.652711e-01	
7.294092e-01	0.000000e+00	1.207629e+00	-0.000000e+00	-0.000000e+00	1.743844e+00	
3 1
0.000000e+00	
4.831416e-01	
-0.000000e+00	
1 1
7.525647e+00	
6 6
-9.559848e-02	4.002390e-01	1.039463e-01	4.505133e-01	1.513359e-01	1.680468e-01	
2.946053e-02	6.524247e-02	1.913037e-01	2.884613e-01	-3.108556e-01	3.361420e-01	
2.380397e-01	3.159964e-01	-2.264371e-01	-7.754320e-02	-9.805844e-02	1.763033e-01	
1.069175e-01	-6.961318e-02	-6.359541e-02	1.178662e-01	-5.368390e-01	-1.543000e-01	
-5.121512e-01	-2.355855e-01	-3.484107e-01	1.736668e-01	-3.980946e-02	4.082696e-01	
-3.063324e-01	-9.952922e-02	1.743318e-01	-9.990556e-02	-4.676411e-01	-1.719699e-01	
6 1
-1.737017e+00	
-4.776344e-01	
-5.939169e-01	
0.000000e+00	
-1.216013e+00	
-7.933954e-01	
3 6
0.000000e+00	3.668286e-01	4.144483e-01	-1.174228e+00	3.849758e-01	2.316840e-01	
4.539386e-01	-3.016266e-01	0.000000e+00	-1.426486e+00	0.000000e+00	6.221542e-01	
-4.912297e-01	-4.571528e-01	1.072789e+00	-5.487838e-01	-4.874053e-01	3.881103e-01	
3 1
1.218472e+00	
0.000000e+00	
1.596284e+00	
1 1
8.727975e+00	
6 6
2.694598e-01	8.395880e-02	-2.265565e-02	-2.399751e-01	-5.437312e-02	7.575452e-02	
-8.885685e-02	2.826770e-01	-4.444292e-02	-1.203979e-01	-5.853758e-02	-1.329540e-01	
-4.148386e-02	5.644180e-02	2.597532e-02	3.955487e-03	-1.847624e-03	1.837934e-01	
-1.550553e-01	-1.668173e-01	4.847179e-02	2.614455e-01	7.050446e-02	1.582959e-01	
-2.004490e-01	-7.683018e-03	-8.158184e-02	8.475196e-02	3.401847e-01	4.910501e-02	
2.683004e-03	8.572045e-02	1.649609e-01	7.046904e-02	2.124411e-01	1.983507e-01	
6 1
0.000000e+00	
-2.443162e+00	
0.000000e+00	
-5.929906e-01	
1.680051e-01	
0.000000e+00	
3 6
-1.895453e+00	9.734390e-01	6.436949e-01	5.895499e-01	-1.191670e+00	-0.000000e+00	
-1.059576e+00	8.711538e-01	4.800148e-01	-5.554083e-01	-6.820901e-01	3.170297e-02	
1.005164e-01	-0.000000e+00	2.009016e-01	-4.117424e-01	-7.929931e-01	1.848135e+00	
3 1
-0.000000e+00	
-2.279141e-01	
0.000000e+00	
1 1
5.649181e+00	
6 6
4.278887e-01	6.155351e-02	7.440457e-02	1.798926e-01	-1.931894e-01	2.509043e-01	
6.155351e-02	2.471295e-01	-1.136836e-01	-1.008587e-01	4.724836e-01	-1.306982e-01	
7.440457e-02	-1.136836e-01	5.242604e-01	1.830202e-03	-1.270730e-01	3.059578e-02	
1.798926e-01	-1.008587e-01	1.830202e-03	4.518239e-01	7.935029e-02	-8.839762e-02	
-1.931894e-01	4.724836e-01	-1.270730e-01	7.935029e-02	-3.977620e-02	-3.808563e-02	
2.509043e-01	-1.306982e-01	3.059578e-02	-8.839762e-02	-3.808563e-02	-1.036252e-01	
6 1
-0.000000e+00	
-7.344711e-01	
5.170523e-02	
9.427209e-01	
-0.000000e+00	
1.406805e+00	
3 6
-1.542161e+00	-0.000000e+00	-2.744449e+00	-1.569538e+00	6.636703e-01	7.404922e-01	
2.497801e+00	5.304215e-01	-5.908357e-01	8.172113e-01	-2.652323e-01	8.264713e-01	
-1.255630e+00	-6.806378e-01	-1.333620e+00	-0.000000e+00	3.974547e-01	-1.138204e+00	
3 1
0.000000e+00	
-0.000000e+00	
-0.000000e+00	
1 1
9.036384e+00	
6 6
6.190843e-02	9.692150e-02	-1.267762e-01	4.519490e-02	1.829041e-01	-6.219862e-01	
3.052441e-01	-1.551455e-01	-6.637540e-01	-2.794426e-01	1.662055e-01	8.946396e-02	
5.507810e-01	2.018128e-01	1.749065e-01	-2.209232e-01	-2.953629e-01	7.886142e-02	
3.377261e-02	-2.124529e-01	4.441586e-02	-3.556746e-01	-2.128782e-02	3.385589e-01	
-2.029769e-01	-2.625743e-01	-8.663425e-02	1.263088e-01	1.102291e-01	2.258400e-01	
-9.463302e-02	6.951661e-01	-1.422453e-01	1.357689e-01	1.893075e-01	2.322565e-01	
6 1
-1.629310e+00	
1.432152e+00	
0.000000e+00	
2.604717e-01	
-0.000000e+00	
-2.097519e+00	
3 6
-0.000000e+00	-1.185010e+00	-3.936541e-01	-4.936805e-01	-1.079701e+00	-1.030472e+00	
-0.000000e+00	1.102154e-01	-0.000000e+00	0.000000e+00	0.000000e+00	-1.758063e+00	
4.531549e-01	3.263299e-01	-6.310152e-01	-0.000000e+00	-8.850314e-01	-0.000000e+00	
3 1
-0.000000e+00	
4.460893e-01	
0.000000e+00	
1 1
3.473120e+00	
6 6
-1.547377e-01	-5.651598e-02	1.010952e-01	-3.150118e-01	3.363569e-03	-2.657415e-01	
2.125442e-02	-1.816209e-01	-1.474533e-01	3.450298e-01	3.175589e-02	-3.517162e-02	
-5.133959e-02	1.772523e-01	-1.238117e-01	-7.783430e-03	-8.211720e-02	-5.535004e-02	
3.068862e-01	-3.274044e-01	4.085388e-02	-1.581428e-01	-4.082768e-01	7.541003e-02	
5.205644e-02	-4.096090e-02	1.008781e-01	3.871009e-01	-1.262059e-01	1.361058e-01	
2.886176e-01	-1.188306e-03	-1.064985e-02	-8.504530e-02	-9.210354e-02	-1.670953e-01	
6 1
-2.068044e+00	
-2.681167e-01	
-2.145649e-01	
-6.840698e-01	
3.526441e-01	
9.740403e-01	
3 6
-1.295606e-01	8.833840e-01	5.368059e-01	3.049226e-01	1.600714e+00	-1.813423e+00	
-6.523487e-01	-1.073621e+00	-1.506732e-01	-1.395790e-01	-1.536775e+00	0.000000e+00	
-5.996878e-01	-0.000000e+00	-1.431253e+00	-4.667286e-01	-1.024396e+00	-3.396897e-01	
3 1
0.000000e+00	
-0.000000e+00	
0.000000e+00	
1 1
3.543190e+00	
6 6
2.743678e-01	2.105512e-02	-7.206310e-02	1.571115e-01	3.017976e-01	-2.399102e-01	
6.706989e-02	-2.266313e-02	-1.223349e-01	-1.937135e-02	2.129071e-02	1.635564e-01	
-1.472664e-01	-1.711736e-02	5.350271e-01	2.792093e-01	1.373357e-02	2.473392e-01	
2.794751e-01	-1.600260e-01	2.292884e-01	2.118879e-01	3.081911e-02	-8.540613e-02	
2.227368e-01	1.426613e-01	-3.845168e-03	1.119032e-01	-1.286729e-01	-1.676026e-01	
-1.582889e-01	1.861546e-02	2.975847e-01	-2.213422e-01	-1.338587e-01	1.571020e-01	
6 1
-7.782657e-01	
-1.546144e-01	
-4.086855e-02	
1.542579e+00	
1.102667e+00	
-1.342050e+00	
3 6
8.835140e-01	1.092002e-01	8.883887e-01	-0.000000e+00	0.000000e+00	0.000000e+00	
-2.184309e+00	-1.640434e+00	-5.637507e-01	-0.000000e+00	-1.040953e+00	7.592251e-02	
2.384156e-01	-9.865208e-01	-6.488866e-01	4.943439e-01	-8.862181e-01	-0.000000e+00	
3 1
-8.096852e-02	
-0.000000e+00	
-0.000000e+00	
1 1
7.463316e+00	
6 6
-3.872215e-01	4.434682e-01	3.346284e-01	-2.101997e-01	-2.962189e-01	-3.827152e-02	
4.324456e-01	-2.532594e-01	2.518123e-01	9.378814e-02	1.250750e-02	9.232021e-02	
3.887701e-01	2.017534e-01	-2.527590e-01	-3.836295e-01	-5.191158e-01	3.842134e-02	
-2.082832e-01	1.023578e-01	-4.344265e-01	-3.985037e-01	2.901381e-01	-5.014453e-02	
-2.343390e-01	-4.945046e-02	-4.958122e-01	3.490202e-01	-2.511125e-01	3.948641e-01	
-7.474303e-02	1.326774e-01	5.826271e-03	-8.551680e-02	3.733084e-01	-2.613621e-01	
6 1
-0.000000e+00	
-0.000000e+00	
-2.123359e+00	
5.779906e-01	
-1.595923e+00	
0.000000e+00	
3 6
-0.000000e+00	-4.355635e-01	-0.000000e+00	1.211324e-01	-0.000000e+00	-0.000000e+00	
1.725981e+00	1.070132e+00	9.579343e-01	1.363823e+00	-8.385321e-01	-8.650299e-01	
-0.000000e+00	3.552281e-01	-0.000000e+00	9.339493e-01	0.000000e+00	0.000000e+00	
3 1
0.000000e+00	
-0.000000e+00	
-0.000000e+00	
1 1
1.659565e+00	
6 6
3.412882e-01	-2.749424e-01	-2.723720e-01	-4.280459e-01	-2.100642e-01	1.185704e-01	
-4.454130e-01	4.485814e-01	-2.580104e-01	-3.197075e-01	2.735678e-02	-1.327996e-01	
-1.886150e-01	-3.228342e-01	-1.381301e-01	6.189302e-02	2.635440e-01	6.281359e-02	
-3.093204e-01	-4.505320e-01	8.102380e-02	4.774207e-02	4.085740e-01	-2.763687e-02	
-1.005405e-01	-5.212414e-02	2.609473e-01	3.798772e-01	5.382476e-02	2.790103e-01	
2.267888e-01	-6.917683e-03	-4.018727e-02	-1.983584e-01	1.476777e-01	7.010483e-01	
6 1
-7.333740e-02	
-1.488221e+00	
1.222306e+00	
-8.025670e-01	
6.335268e-01	
0.000000e+00	
3 6
0.000000e+00	8.905651e-01	-1.388503e+00	0.000000e+00	-2.996960e+00	-4.535693e-01	
-0.000000e+00	2.061155e+00	-3.830067e-01	0.000000e+00	1.745588e-01	1.696385e+00	
-5.112387e-01	0.000000e+00	2.313491e+00	-1.498866e-01	0.000000e+00	5.714629e-01	
3 1
-3.815558e-01	
-0.000000e+00	
-6.037637e-01	
1 1
2.917630e+00	