6 6
 0.18831444 -0.98116295 -0.0046101  -0.00557277  0.0012978   0.0015666 
  0.98116316  0.18602694  0.00557218  0.00673574 -0.00156864 -0.00189353
  0.0046097   0.00557269  0.19045479 -0.97857575 -0.00472678 -0.0057058 
 -0.0055721  -0.00673614  0.97857586  0.18289948  0.00571363  0.00689704
  0.00129552  0.00156617  0.00471891  0.0057043   0.19333263 -0.97510705
 -0.0015682  -0.00189581 -0.00571213 -0.00690491  0.9750871   0.17869441

6 1
 0.03893035
 -0.04705465
  0.04962069
 -0.0599804 
  0.03075988
 -0.0372341 

1 6 
-0.03892619 -0.04705809  0.04961977  0.05998117 -0.03081061 -0.03719213

1 1
4.01403138e-07

1 1
1