5 5
4.98921639507132  -9.9569769907451  9.93563197192331  -4.95719855448332  0.98932717822783
             1.0               0.0               0.0                0.0               0.0
             0.0               1.0               0.0                0.0               0.0
             0.0               0.0               1.0                0.0               0.0
             0.0               0.0               0.0                1.0               0.0

5 1 
 1.0 
 0.0 
 0.0 
 0.0 
 0.0 

1 5
 0.000373770440882644  -0.00149494964021712  0.00224232820315765  -0.00149488923476584  0.000373740236907408 

1 1
0.000187872684291354

1 1
1.25

